   1,  520,   70,  353
   2,  606,  563,  569
   3,  595,  569,  535
   4,  667,  665,   78
   5,  596,  570,   82
   6,  441,  392,   81
   7,  722,  713,   76
   8,  442,  393,   86
   9,  808,  746,   81
  10,  443,  396,   92
  11,  731,  695,  642
  12,  985,  962,  100
  13, 1075,  996, 1022
  14, 1092, 1002,  138
  15, 1106, 1093, 1072
  16, 1067, 1037,  986
  17,  732,  643,  694
  18,  458,  397,  302
  19,  394,   28,  303
  20,  459,  395,  236
  21,  395,   29,  304
  22,  959,  395,  460
  23, 1012, 1005,  898
  24,  994,  939,  190
  25,  825,  765,  167
  26,  614,  583,  144
  27,  531,  116,  511
  28,  364,   75,  360
  29,  364,  116,   75
  30,  577,  499,  115
  31,  587,  143,  560
  32, 1059,  720,  165
  33,  927,  824,  868
  34,  882,  777,  212
  35,  657,  234,  633
  36,  748,  657,  707
  37,  745,  707,  235
  38,  801,  212,  707
  39,  967,  882,  915
  40,  824,  769,  166
  41,  679,  592,  143
  42,  511,  116,  364
  43,  548,  364,  115
  44,  561,  115,  537
  45,  378,  279,  280
  46,  440,  280,    8
  47,  379,  377,    4
  48,  379,   77,  377
  49,  381,  276,  277
  50,  381,  380,  276
  51,  630,  393,  443
  52,  444,  398,   99
  53,  889,  100,  790
  54, 1034,  933,  980
  55, 1081,  997, 1056
  56, 1014,  993,  924
  57, 1102, 1011, 1052
  58,  935,  878,  210
  59,  457,  400,  301
  60,  397,   27,  302
  61,  622,  396,  444
  62,  445,  401,  107
  63,  979,  877,  933
  64, 1035,  779,  901
  65,  912,  888,  161
  66, 1133,  864,  964
  67, 1054, 1050,  209
  68,  399,  299,  300
  69,  400,   26,  301
  70,  445,   99,  398
  71,  403,  286,  287
  72,  794,  644,  733
  73,  949,  775,  851
  74,  787,  637,  207
  75, 1115,  910,  965
  76, 1082,  455,  232
  77,  402,  299,  399
  78,  403,  401,  286
  79,  404,   14,  288
  80,  755,  696,  659
  81,  854,  807,  205
  82,  671,  602,  544
  83,  454,  407,  297
  84,  455,  405,  298
  85,  446,  404,  135
  86,  406,   15,  289
  87,  755,  710,  182
  88,  726,  670,  206
  89,  390,  296,   23
  90,  454,  297,   24
  91,  447,  406,  158
  92,  408,   16,  290
  93,  849,  770,  205
  94,  672,  601,  228
  95,  409,  296,  390
  96,  448,  408,  181
  97,  450,  412,  227
  98,  850,  413,  452
  99,  453,  295,   22
 100,  974,  892,  204
 101,  412,  292,  293
 102,  452,  413,  294
 103,  451,  293,   20
 104,  414,   30,  305
 105, 1127, 1062,  237
 106, 1084, 1062,  956
 107,  989,  837,  191
 108,  926,  828,  191
 109, 1126,  591,  566
 110,  491,  489,  340
 111,  503,   69,  362
 112,  415,   31,  306
 113, 1107, 1100,  238
 114, 1028, 1006,  215
 115,  873,  829,  192
 116,  691,  639,  169
 117,  571,  538,  146
 118,  490,   62,  489
 119,  416,   32,  307
 120, 1061,  416,  463
 121, 1060, 1007,  217
 122, 1135,  928,  193
 123,  867,  823,  171
 124,  678,  147,  668
 125,  490,  341,   62
 126,  366,  342,  117
 127,  363,   63,  341
 128,  417,   33,  308
 129,  809,  753,  240
 130, 1007,  753,  805
 131, 1073, 1027, 1010
 132,  823,  766,  171
 133,  680,  608,  148
 134,  616,  585,  574
 135,  488,   64,  343
 136,  562,  543,  119
 137,  618,  133,  551
 138, 1063, 1030,  973
 139, 1111, 1103, 1090
 140, 1122, 1097, 1101
 141, 1041,  937,  988
 142,  987,  981,  126
 143,  419,  325,  326
 144,  419,  418,  325
 145,  420,   50,  327
 146,  479,  420,  127
 147,  421,   51,  328
 148,  797,  752,  741
 149,  663,  593,  533
 150,  368,  335,  336
 151,  369,   59,  337
 152,  389,  337,   60
 153,  370,   60,  338
 154,  492,  351,  350
 155,  494,  485,   68
 156,  532,  487,  517
 157,  578,  515,  255
 158,  685,  661,  132
 159, 1085, 1063,  131
 160,  422,   34,  309
 161,  632,  422,  465
 162,  754,  656,  698
 163,  992,  893,  842
 164,  826,  814,  172
 165,  683,  638,  149
 166,  635,  504,  542
 167,  612,  542,  574
 168,  423,   35,  310
 169,  626,  423,  466
 170,  795,  734,  646
 171,  900,  196,  842
 172,  968,  919,  174
 173, 1136, 1128,  819
 174,  636,  590,  119
 175,  714,  636,  150
 176,  424,   36,  311
 177,  467,  243,  424
 178,  978,  976,  221
 179, 1129, 1112,  197
 180, 1098,  174, 1016
 181,  911,  866,  151
 182,  723,  120,  590
 183,  822,  684,  723
 184,  425,   37,  312
 185,  426,  425,  312
 186,  976,  879,  931
 187, 1065, 1032,  975
 188, 1109, 1079,  176
 189, 1064, 1049,  153
 190, 1029,  973,  925
 191,  925,  852,  152
 192,  427,   38,  314
 193,  469,  427,  314
 194,  735,  647,  697
 195,  902,  844,  200
 196, 1069, 1046,  177
 197, 1123, 1119, 1104
 198, 1105, 1090, 1053
 199, 1053,  122, 1029
 200,  428,   39,  315
 201,  470,  428,  315
 202,  750,  658,  708
 203,  914,  776,  881
 204, 1055, 1042, 1048
 205, 1071,  177, 1048
 206, 1110, 1095,  124
 207, 1118, 1077, 1095
 208,  429,   40,  316
 209,  471,  430,  248
 210,  802,  224,  708
 211,  990,  954,  201
 212,  894,  744,  179
 213,  904,  178,  846
 214, 1108,  982, 1036
 215,  982,  961,  156
 216,  430,   41,  317
 217,  958,  430,  472
 218, 1013, 1004,  897
 219, 1023,  202,  954
 220,  653,  628,  180
 221,  789,  730,  641
 222,  981,  891,  945
 223,  981,  934,  891
 224,  431,   42,  318
 225,  473,  319,   44
 226, 1131,  439,  474
 227,  810,  743,  226
 228,  628,  476,  180
 229,  621,  477,  157
 230,  945,  478,  126
 231,  478,  432,  324
 232,  480,  421,  250
 233,  433,   52,  329
 234,  603,  547,  567
 235,  505,  371,  374
 236,  387,  335,  368
 237,  481,  433,  257
 238,  483,  435,  268
 239,  373,  371,  269
 240,  374,  371,  334
 241,  576,  434,  483
 242,  435,  331,  372
 243,  388,  333,  373
 244,  372,  331,  332
 245,  523,  492,  485
 246,  526,  494,  525
 247,  517,  348,  486
 248,  513,  367,  256
 249,  580,  529,  133
 250,  772,  580,  588
 251,   66,  346,  256
 252,  495,  256,  346
 253,  527,  495,   65
 254,  618,  588,  133
 255,  527,  345,  134
 256,  493,  134,  344
 257,  519,  359,  106
 258,  572,   73,  498
 259,  550,  498,   98
 260,  501,  365,  356
 261,  676,  496,  530
 262,  606,  569,   84
 263,  719,  606,   84
 264,  930,  675,  719
 265,  650,   84,  595
 266,  665,  595,  535
 267,  514,  512,  365
 268,  496,   71,  354
 269,  552,  530,  502
 270,  530,  496,  502
 271,  520,  353,  500
 272,  376,    2,  275
 273,  545,  384,  376
 274,  383,  382,   80
 275,  518,  500,  352
 276,  518,  383,  500
 277,  508,  376,  385
 278,  666,   82,  570
 279,  821,  746,  709
 280,  831,   88,  737
 281,  874,  830,   95
 282,  812,  759,  103
 283,  836,  112,  811
 284,  817,  768,  141
 285, 1070, 1047,  165
 286,  818,  768,  164
 287,  818,  720,  717
 288,  682,  589,  662
 289,  860,  813,  112
 290,  674,  581,  610
 291,  820,  711,  758
 292,  738,   89,  701
 293,  596,  536,  570
 294,  700,  649,   82
 295,  737,  700,   87
 296,  821,  736,  746
 297,  747,  709,  655
 298,  905,  848,  783
 299,  921,  907,  102
 300, 1002,  947,  996
 301, 1025,  140,  957
 302, 1043,  164,  950
 303,  906,  847,  188
 304, 1047,  188,  952
 305,  884,  874,  839
 306,  884,  832,   88
 307,  758,  711,   96
 308,  600,  573,  541
 309,  669,  600,  541
 310,  655,  630,   92
 311,  917,  875,  848
 312,  853,  812,  103
 313,  757,  711,   95
 314,  365,   98,   72
 315,  512,   98,  365
 316,  498,  357,   98
 317, 1026,  963,  105
 318,  963,  861,  105
 319,  712,  539,  599
 320,  686,  662,  113
 321,  790,  642,   99
 322,  962,  905,  783
 323,  920,  830,  874
 324,  811,  721,  759
 325,  721,  104,  674
 326,  572,  539,  106
 327,  610,  581,  573
 328,  983,  943,  107
 329, 1038, 1020,  985
 330, 1017, 1003,  921
 331,  858,  111,  759
 332,  865,  762,  860
 333,  762,  686,  113
 334,  488,  343,  366
 335,  987,  946,  880
 336,  793,  640,  729
 337,  845,  774,  835
 338,  740,  702,  260
 339,  609,  266,  568
 340,  485,  350,   68
 341, 1068, 1041,  988
 342, 1040,  781,  903
 343,  938,  883,  833
 344,  767,  619,  261
 345,  525,  494,  487
 346, 1097, 1068,  129
 347, 1080,  998,  895
 348,  764,  673,  254
 349,  549,  262,  515
 350, 1111,  909,  131
 351,  909,  862,  815
 352,  661,  255,  553
 353,  877,  135,  794
 354, 1066, 1034,  980
 355, 1083, 1075, 1022
 356, 1002,  996,  138
 357,  957,  140,  896
 358,  716,  679,  166
 359,  760,  681,  720
 360,  554,  497,  531
 361,  503,  484,   69
 362,  524,  489,  491
 363,  528,  148,  510
 364,  616,  574,  366
 365,  696,  644,  158
 366,  843,  779,  159
 367, 1045,  160,  912
 368, 1018,  161,  993
 369, 1051,  163,  953
 370,  950,  817,  929
 371,  869,  825,  769
 372,  868,  824,  166
 373,  677,  617,  583
 374,  591,  169,  571
 375,  598,  538,  571
 376,  715,  678,  170
 377,  718,  683,  608
 378,  761,  638,  683
 379,  819,  771,  173
 380,  966,  911,  174
 381, 1049, 1009,  175
 382, 1123, 1104, 1117
 383, 1071, 1048, 1001
 384,  904,  846,  782
 385,  730,  693,  641
 386,  477,  436,  323
 387,  659,  631,  181
 388,  851,  182,  786
 389,  827,  183,  725
 390,  924,  888,  184
 391, 1120,  185, 1102
 392, 1094, 1076,  186
 393, 1044,  994,  190
 394,  916,  777,  882
 395,  872,  191,  828
 396,  788,  691,  727
 397,  728,  691,  192
 398,  928,  823,  867
 399,  870,  826,  766
 400,  918,  196,  885
 401,  969,  885,  196
 402, 1112, 1099, 1087
 403, 1116, 1065, 1096
 404,  999,  199,  902
 405,  995,  200,  914
 406,  991,  894,  846
 407,  744,  704,  653
 408,  476,  437,  322
 409,  857,  756,  204
 410,  786,  726,  690
 411,  637,  206,  602
 412,  864,  787,  207
 413, 1054, 1011,  208
 414, 1037,  935,  986
 415,  784,  210,  732
 416, 1074,  994, 1021
 417,  989,  948,  837
 418,  922,  887,  829
 419,  971,  887,  216
 420, 1027,  955, 1010
 421,  893,  754,  219
 422,  778,  219,  734
 423,  977,  960,  220
 424, 1032,  931,  975
 425,  780,  222,  735
 426,  776,  223,  750
 427, 1023,  954,  990
 428, 1008,  743,  799
 429,  475,  438,  321
 430,  850,  785,  227
 431,  670,  601,  575
 432,  544,  229,  516
 433,  645,  230,  625
 434, 1091, 1082, 1050
 435,  984,  942,  878
 436,  643,  233,  623
 437,  898,  855,  236
 438, 1062,  238, 1028
 439, 1100, 1006, 1028
 440, 1058, 1024, 1019
 441,  805,  753,  706
 442,  656,  241,  632
 443,  646,  242,  626
 444,  941,  890,  243
 445,  976,  940,  879
 446,  647,  245,  627
 447,  658,  246,  634
 448,  749,  708,  247
 449,  897,  856,  248
 450,  474,  439,  320
 451,  640,  127,  620
 452,  751,  692,  654
 453,  742,  258,  703
 454,  594,  534,  568
 455,  564,  546,  559
 456,  845,  781,  251
 457,  998,  938,  895
 458,  862,  764,  815
 459,  611,  255,  515
 460,  654,  629,  257
 461,  834,  258,  742
 462,  833,  259,  740
 463,  816,  673,  764
 464,  611,  515,  486
 465,  741,  264,  703
 466,  652,  264,  593
 467,  651,  265,  594
 468,  739,  609,  267
 469,  517,  487,   67
 470,  547,  268,  507
 471,  533,  269,  505
 472,  724,  534,  270
 473,  519,  499,  359
 474,  383,    1,  382
 475,  384,    2,  376
 476,  385,    3,  380
 477, 1089,  380,  381
 478,  377,  277,    4
 479,  386,    5,  378
 480,  279,    7,  280
 481,  440,  391,   76
 482,  441,    9,  392
 483,  442,   10,  393
 484,  443,   11,  396
 485,  444,   12,  398
 486,  445,   13,  401
 487,  403,  107,  401
 488,  446,  287,   14
 489,  447,  288,   15
 490,  448,  289,   16
 491,  449,   17,  410
 492,  450,   18,  412
 493,  292,   19,  293
 494,  451,  413,  227
 495,  452,   21,  411
 496,  453,   22,  409
 497,  407,  390,   23
 498,  454,   24,  405
 499,  455,   25,  402
 500,  402,  399,  232
 501,  456,  300,   26
 502,  457,  301,   27
 503,  458,  302,   28
 504,  459,   29,  395
 505,  460,   30,  414
 506,  461,   31,  415
 507,  462,   32,  416
 508,  463,   33,  417
 509,  464,   34,  422
 510,  465,   35,  423
 511,  466,   36,  424
 512,  467,   37,  425
 513,  426,  244,  425
 514,  468,  313,   38
 515,  469,  314,   39
 516,  470,  315,   40
 517,  471,   41,  430
 518,  472,   42,  431
 519,  318,   43,  319
 520,  473,  439,  249
 521,  474,   45,  438
 522,  475,   46,  437
 523,  476,   47,  436
 524,  477,   48,  432
 525,  478,   49,  418
 526,  419,  126,  418
 527,  479,  326,   50
 528,  480,  327,   51
 529,  481,  328,   52
 530,  482,   53,  434
 531,  483,   54,  435
 532,  331,   55,  332
 533,  372,  332,   56
 534,  373,   57,  371
 535,  387,  374,   58
 536,  724,  387,  368
 537,  375,  336,   59
 538,  389,   60,  370
 539,  522,   61,  351
 540,  484,  339,   69
 541,  491,  340,  339
 542,  342,   63,  117
 543,  366,  343,  342
 544,  493,  344,   64
 545,  345,  344,  134
 546,  495,  346,   65
 547,  367,  347,   66
 548,  486,  348,  347
 549,  518,    6,  273
 550,  521,  355,   71
 551,  521,  501,  355
 552,  357,   72,   98
 553,  358,   73,  106
 554,  359,  358,  106
 555,  577,  360,   74
 556,  361,   75,  116
 557,  497,  361,  116
 558,  528,  510,  363
 559,  363,  117,   63
 560,  577,  364,  360
 561,  548,  511,  364
 562,  514,  365,  501
 563,  365,   72,  356
 564,  616,  117,  510
 565,  488,  366,  118
 566,  367,   66,  256
 567,  611,  486,  367
 568,  375,  368,  336
 569,  506,  368,  375
 570,  559,  546,  369
 571,  546,  375,  369
 572,  522,  370,  338
 573,  389,  370,  272
 574,  507,  373,  269
 575,  371,   57,  334
 576,  388,   56,  333
 577,  435,  372,  268
 578,  507,  388,  373
 579,  373,  333,   57
 580,  374,  334,   58
 581,  687,  505,  374
 582,  375,   59,  369
 583,  506,  375,  271
 584,  688,  380,   78
 585,  558,  384,  545
 586,  379,    4,  278
 587,  509,  381,  377
 588, 1088,  386,   76
 589,  378,    5,  279
 590,  386,  379,  278
 591, 1088,  597,   77
 592,  688,  508,  385
 593,  380,    3,  276
 594,  381,  277,  377
 595,  509,  377,   77
 596,  382,    1,  274
 597,  384,  382,  274
 598,  500,  383,   80
 599,  383,  273,    1
 600,  384,  274,    2
 601,  545,  376,   79
 602,  385,  376,  275
 603,  385,  275,    3
 604,  386,  278,    5
 605,  386,  378,   76
 606,  687,  387,  270
 607,  387,   58,  335
 608,  388,  268,  372
 609,  388,  372,   56
 610,  559,  389,  272
 611,  389,  369,  337
 612,  516,  390,  230
 613,  516,  409,  390
 614,  440,   76,  378
 615,  391,    8,  281
 616,  722,   81,  713
 617,  392,    9,  282
 618,  808,   86,  746
 619,  393,   10,  283
 620,  800,  745,  235
 621,  458,  394,  235
 622,  460,  414,  237
 623,  800,  236,  745
 624,  630,  443,   92
 625,  396,   11,  284
 626,  633,  397,  458
 627,  457,  397,  234
 628,  622,  444,   99
 629,  398,   12,  285
 630,  456,  399,  300
 631,  942,  399,  233
 632,  623,  400,  457
 633,  456,  400,  233
 634,  943,  445,  107
 635,  401,   13,  286
 636,  455,  231,  405
 637,  402,   25,  299
 638,  446,  403,  287
 639,  944,  403,  135
 640,  447,  404,  288
 641,  624,  404,  447
 642,  625,  407,  454
 643,  405,   24,  298
 644,  448,  406,  289
 645,  631,  406,  448
 646,  407,  230,  390
 647,  407,   23,  297
 648,  449,  410,  204
 649,  806,  756,  181
 650,  453,  411,  295
 651,  409,   22,  296
 652,  806,  204,  756
 653,  410,   17,  291
 654,  850,  452,  228
 655,  411,   21,  295
 656,  974,  450,  227
 657,  412,   18,  292
 658,  451,  227,  412
 659,  413,   20,  294
 660,  461,  415,  238
 661,  959,  460,  237
 662,  462,  416,  239
 663, 1127,  461,  238
 664,  463,  417,  240
 665, 1107,  239, 1100
 666,  464,  422,  241
 667, 1061,  463,  240
 668,  478,  157,  432
 669,  418,   49,  325
 670,  479,  419,  326
 671,  946,  419,  127
 672,  480,  420,  327
 673,  620,  420,  480
 674,  481,  421,  328
 675,  629,  421,  481
 676,  465,  423,  242
 677,  809,  241,  753
 678,  466,  424,  243
 679,  632,  465,  242
 680,  467,  425,  244
 681,  626,  466,  243
 682,  426,  312,  313
 683,  941,  467,  244
 684,  468,  426,  313
 685,  940,  426,  245
 686,  627,  427,  469
 687,  468,  427,  245
 688,  634,  428,  470
 689,  469,  428,  246
 690,  803,  749,  247
 691,  470,  429,  247
 692,  472,  431,  249
 693,  803,  248,  749
 694,  431,  318,  319
 695,  958,  472,  249
 696,  621,  436,  477
 697,  432,   48,  324
 698,  482,  434,  263
 699,  804,  752,  257
 700,  804,  263,  752
 701,  434,   53,  330
 702,  576,  483,  268
 703,  435,   54,  331
 704,  628,  437,  476
 705,  436,   47,  323
 706,  810,  203,  743
 707,  437,   46,  322
 708, 1131,  226, 1013
 709,  438,   45,  321
 710,  473,  249,  431
 711,  439,   44,  320
 712,  440,  378,  280
 713,  440,    8,  391
 714,  441,  391,  281
 715,  441,  281,    9
 716,  442,  392,  282
 717,  442,  282,   10
 718,  443,  393,  283
 719,  443,  283,   11
 720,  444,  396,  284
 721,  444,  284,   12
 722,  445,  398,  285
 723,  445,  285,   13
 724,  446,   14,  404
 725,  446,  135,  403
 726,  447,   15,  406
 727,  624,  447,  158
 728,  448,   16,  408
 729,  631,  448,  181
 730,  449,  408,  290
 731,  449,  290,   17
 732,  450,  410,  291
 733,  450,  291,   18
 734,  451,  412,  293
 735,  451,   20,  413
 736,  452,  294,   21
 737,  452,  411,  228
 738,  453,  409,  229
 739,  672,  229,  601
 740,  454,  405,  231
 741,  625,  454,  231
 742,  455,  298,   25
 743,  455,  402,  232
 744,  456,   26,  400
 745,  456,  233,  399
 746,  457,   27,  397
 747,  623,  457,  234
 748,  458,   28,  394
 749,  633,  458,  235
 750,  459,  394,  303
 751,  459,  303,   29
 752,  460,  395,  304
 753,  460,  304,   30
 754,  461,  414,  305
 755,  461,  305,   31
 756,  462,  415,  306
 757,  462,  306,   32
 758,  463,  416,  307
 759,  463,  307,   33
 760,  464,  417,  308
 761,  464,  308,   34
 762,  465,  422,  309
 763,  465,  309,   35
 764,  466,  423,  310
 765,  466,  310,   36
 766,  467,  424,  311
 767,  467,  311,   37
 768,  468,   38,  427
 769,  468,  245,  426
 770,  469,   39,  428
 771,  627,  469,  246
 772,  470,   40,  429
 773,  634,  470,  247
 774,  471,  429,  316
 775,  471,  316,   41
 776,  472,  430,  317
 777,  472,  317,   42
 778,  473,  431,  319
 779,  473,   44,  439
 780,  474,  320,   45
 781,  474,  438,  226
 782,  475,  321,   46
 783,  475,  437,  203
 784,  476,  322,   47
 785,  476,  436,  180
 786,  477,  323,   48
 787,  477,  432,  157
 788,  478,  324,   49
 789,  478,  418,  126
 790,  479,   50,  420
 791,  479,  127,  419
 792,  480,   51,  421
 793,  620,  480,  250
 794,  481,   52,  433
 795,  629,  481,  257
 796,  482,  433,  329
 797,  482,  329,   53
 798,  483,  434,  330
 799,  483,  330,   54
 800,  565,  556,  484
 801,  556,  491,  484
 802,  526,  523,  485
 803,  492,  272,  370
 804,  517,  486,  262
 805,  486,  347,  367
 806,  487,  349,   67
 807,  532,  525,  487
 808,  504,  488,  118
 809,  504,  493,  488
 810,  555,  490,  489
 811,  489,   62,  340
 812,  555,  528,  490
 813,  490,  363,  341
 814,  491,  339,  484
 815,  524,  491,  146
 816,  522,  492,  370
 817,  492,  350,  485
 818,  493,   64,  488
 819,  543,  493,  504
 820,  494,   68,  349
 821,  494,  349,  487
 822,  527,   65,  345
 823,  529,  495,  133
 824,  676,  521,  496
 825,  502,  496,  354
 826,  554,  503,  497
 827,  497,  362,  361
 828,  572,  498,  105
 829,  498,   73,  357
 830,  537,  115,  499
 831,  499,   74,  359
 832,  520,  502,   70
 833,  500,  353,  352
 834,  501,  356,  355
 835,  541,  514,   91
 836,  502,  354,   70
 837,  605,  552,  520
 838,  503,  362,  497
 839,  565,  503,  145
 840,  542,  504,  118
 841,  543,  504,  119
 842,  687,  533,  505
 843,  505,  269,  371
 844,  534,  506,  271
 845,  724,  506,  534
 846,  547,  507,  269
 847,  507,  268,  388
 848,  688,  535,  508
 849,  508,   79,  376
 850,  536,  509,   77
 851, 1089,  509,  536
 852,  585,  149,  574
 853,  510,  117,  363
 854,  579,  511,  548
 855,  531,  511,  144
 856,  557,  512,   97
 857,  557,  550,  512
 858,  529,  513,  256
 859,  553,  255,  513
 860,  514,  501,   91
 861,  514,   97,  512
 862,  578,  549,  515
 863,  515,  262,  486
 864,  544,  516,  230
 865,  516,  229,  409
 866,  517,   67,  348
 867,  532,  517,  262
 868,  518,  352,    6
 869,  518,  273,  383
 870,  539,  519,  106
 871,  539,  537,  519
 872,  605,  500,   80
 873,  605,  582,  552
 874,  521,   91,  501
 875,  521,   71,  496
 876,  522,  338,   61
 877,  522,  351,  492
 878,  540,  523,  526
 879,  523,  272,  492
 880,  538,  524,  146
 881,  555,  524,  538
 882,  584,  525,  532
 883,  526,  525,  267
 884,  540,  526,  267
 885,  526,  485,  494
 886,  551,  527,  134
 887,  527,  133,  495
 888,  528,  363,  490
 889,  613,  528,  147
 890,  529,  256,  495
 891,  580,  553,  529
 892,  615,  530,   85
 893,  676,  669,   91
 894,  554,  531,  144
 895,  531,  497,  116
 896,  607,  262,  549
 897,  607,  584,  532
 898,  687,  663,  533
 899,  593,  567,  533
 900,  568,  534,  271
 901,  664,  663,  270
 902,  535,   79,  508
 903,  688,  665,  535
 904, 1089,  536,   78
 905,  570,  536,   77
 906,  561,  560,  115
 907,  537,  499,  519
 908,  668,  538,  598
 909,  555,  538,  147
 910,  599,  572,  105
 911,  539,  114,  537
 912,  609,  564,  540
 913,  540,  272,  523
 914,  600,   96,  573
 915,  541,   97,  514
 916,  574,  542,  118
 917,  689,  635,  542
 918,  562,  551,  134
 919,  543,  134,  493
 920,  671,  544,  230
 921,  602,  575,  544
 922,  563,  545,   79
 923,  563,  558,  545
 924,  564,  559,  272
 925,  546,  271,  375
 926,  567,  547,  269
 927,  603,  576,  547
 928,  560,  548,  115
 929,  579,  548,  560
 930,  604,  549,  578
 931,  607,  549,  604
 932,  550,  105,  498
 933,  550,   98,  512
 934,  551,  133,  527
 935,  562,  134,  543
 936,  552,   85,  530
 937,  552,  502,  520
 938,  661,  586,  255
 939,  553,  513,  529
 940,  583,  554,  144
 941,  554,  145,  503
 942,  555,  147,  528
 943,  555,  489,  524
 944,  566,  556,  565
 945,  556,  146,  491
 946,  581,   97,  573
 947, 1026,  104,  963
 948,  558,   80,  382
 949,  558,  382,  384
 950,  564,  272,  540
 951,  559,  369,  389
 952,  589,  561,  114
 953,  579,  560,  143
 954,  561,  537,  114
 955,  589,  587,  561
 956,  590,  562,  119
 957,  618,  562,  120
 958,  563,   80,  558
 959,  569,  563,   79
 960,  609,  568,  564
 961,  564,  271,  546
 962,  565,  484,  503
 963, 1126,  565,  145
 964,  591,  571,  566
 965,  566,  146,  556
 966,  567,  269,  533
 967,  603,  567,  264
 968,  594,  568,  266
 969,  568,  271,  564
 970,  569,   79,  535
 971,  606,  582,  563
 972,  597,  570,   77
 973,  713,  597,   76
 974,  598,  571,  169
 975,  571,  146,  566
 976,  572,  106,   73
 977,  861,  599,  105
 978,  610,  573,   96
 979,  573,   97,  541
 980,  612,  574,  149
 981,  574,  118,  366
 982,  770,  601,  670
 983,  575,  229,  544
 984,  576,  268,  547
 985,  576,  263,  434
 986,  577,   74,  499
 987,  577,  115,  364
 988,  586,  578,  255
 989,  604,  578,  254
 990,  592,  579,  143
 991,  579,  144,  511
 992,  588,  580,  133
 993,  580,  132,  553
 994,  581,  104,  557
 995,  581,  557,   97
 996,  582,   85,  552
 997,  582,   80,  563
 998,  677,  583,  614
 999,  583,  145,  554
1000,  619,  584,  261
1001,  584,  267,  525
1002,  585,  510,  148
1003,  608,  585,  148
1004,  863,  586,  685
1005,  586,  254,  578
1006,  681,  587,  142
1007,  587,  560,  561
1008,  648,  588,  618
1009,  699,  588,  648
1010,  662,  589,  114
1011,  589,  142,  587
1012,  723,  590,  714
1013,  590,  120,  562
1014, 1126,  617,  591
1015,  727,  591,  168
1016,  716,  614,  592
1017,  592,  144,  579
1018,  652,  593,  265
1019,  593,  264,  567
1020,  651,  594,  266
1021,  664,  265,  663
1022,  650,  595,   83
1023,  595,   84,  569
1024,  649,  596,   82
1025,  667,   83,  665
1026, 1088,   77,  379
1027,  713,  666,  597
1028,  639,  598,  169
1029,  668,  598,  170
1030,  712,  113,  662
1031,  599,  539,  572
1032,  669,  541,   91
1033,  758,  600,   90
1034,  672,  228,  411
1035,  601,  229,  575
1036,  637,  602,  207
1037,  602,  206,  575
1038,  741,  603,  264
1039,  603,  263,  576
1040,  673,  604,  254
1041,  607,  604,  261
1042,  605,  520,  500
1043,  605,   80,  582
1044,  675,  615,   85
1045,  606,   85,  582
1046,  607,  261,  584
1047,  607,  532,  262
1048,  718,  608,  680
1049,  608,  149,  585
1050,  609,  540,  267
1051,  739,  267,  619
1052,  660,  610,   96
1053,  674,  610,  103
1054,  611,  367,  513
1055,  611,  513,  255
1056,  638,  612,  149
1057,  689,  612,  638
1058,  715,  680,  613
1059,  613,  148,  528
1060,  614,  144,  592
1061,  677,  168,  617
1062,  675,   85,  606
1063,  676,   90,  669
1064,  616,  366,  117
1065,  616,  510,  585
1066,  617,  168,  591
1067,  617,  145,  583
1068,  618,  551,  562
1069,  648,  618,  120
1070,  773,  767,  260
1071,  619,  267,  584
1072,  640,  620,  250
1073,  620,  127,  420
1074,  641,  621,  157
1075,  621,  180,  436
1076,  642,  622,   99
1077,  622,   92,  396
1078,  643,  623,  234
1079,  623,  233,  400
1080,  644,  624,  158
1081,  624,  135,  404
1082,  645,  625,  231
1083,  625,  230,  407
1084,  646,  626,  243
1085,  626,  242,  423
1086,  647,  627,  246
1087,  627,  245,  427
1088,  693,  653,  180
1089,  628,  203,  437
1090,  705,  654,  257
1091,  629,  250,  421
1092,  695,  655,   92
1093,  630,   86,  393
1094,  710,  659,  181
1095,  631,  158,  406
1096,  656,  632,  242
1097,  632,  241,  422
1098,  657,  633,  235
1099,  633,  234,  397
1100,  658,  634,  247
1101,  634,  246,  428
1102,  689,  636,  635
1103,  635,  119,  504
1104,  636,  119,  635
1105, 1128,  150,  819
1106,  787,  725,  637
1107,  725,  690,  637
1108,  771,  638,  761
1109,  689,  638,  150
1110, 1130,  639,  728
1111,  639,  170,  598
1112,  692,  640,  250
1113,  729,  640,  692
1114,  641,  180,  621
1115,  789,  641,  157
1116,  790,  731,  642
1117,  642,   92,  622
1118,  694,  643,  234
1119,  791,  643,  732
1120,  733,  644,  696
1121,  644,  135,  624
1122, 1115,  231, 1091
1123,  965,  671,  230
1124,  795,  646,  243
1125,  734,  698,  646
1126,  697,  647,  246
1127,  792,  647,  735
1128,  684,  648,  120
1129,  699,  648,  121
1130,  841,  796,   83
1131,  649,   83,  596
1132,  796,  738,  650
1133,  738,  701,  650
1134,  702,  651,  266
1135,  840,  798,  265
1136,  798,  742,  652
1137,  742,  703,  652
1138,  744,  653,  693
1139,  653,  203,  628
1140,  751,  654,  705
1141,  654,  250,  629
1142,  747,  655,  695
1143,  655,   86,  630
1144,  698,  656,  242
1145,  754,  706,  656
1146,  707,  657,  235
1147,  748,  694,  657
1148,  708,  658,  247
1149,  750,  697,  658
1150,  755,  659,  710
1151,  659,  158,  631
1152,  660,  103,  610
1153,  711,  660,   96
1154,  661,  553,  132
1155, 1085,  132, 1030
1156,  712,  662,  114
1157,  686,  682,  662
1158,  664,  270,  534
1159,  663,  265,  593
1160,  664,  534,  594
1161,  664,  594,  265
1162,  667,   78,  536
1163,  665,   83,  595
1164,  736,  666,   81
1165,  666,  570,  597
1166,  667,  536,  596
1167,  667,  596,   83
1168,  678,  668,  170
1169,  668,  147,  538
1170,  676,   91,  521
1171,  669,   90,  600
1172,  670,  575,  206
1173,  770,  670,  205
1174,  965,  230,  645
1175,  671,  207,  602
1176,  672,  411,  453
1177,  672,  453,  229
1178,  816,  767,  673
1179,  673,  261,  604
1180,  721,  674,  103
1181,  674,  104,  581
1182,  930,  719,  701
1183,  763,  615,  675
1184,  676,  530,  615
1185,  676,  615,   90
1186,  677,  614,  167
1187,  765,  677,  167
1188,  867,  715,  170
1189,  678,  613,  147
1190,  681,  679,  143
1191,  769,  716,  166
1192,  680,  148,  613
1193,  718,  172,  683
1194,  681,  143,  587
1195,  720,  681,  142
1196,  717,  682,  141
1197,  682,  142,  589
1198,  761,  683,  172
1199,  683,  149,  608
1200,  852,  684,  822
1201,  684,  121,  648
1202,  863,  131,  815
1203,  685,  586,  661
1204,  813,  762,  113
1205,  686,  141,  682
1206,  687,  374,  387
1207,  687,  270,  663
1208,  688,  385,  380
1209,  688,   78,  665
1210,  689,  150,  636
1211,  689,  542,  612
1212,  786,  690,  183
1213,  690,  206,  637
1214,  727,  691,  169
1215,  829,  728,  192
1216,  729,  692,  251
1217,  692,  250,  654
1218,  693,  180,  641
1219,  744,  693,  179
1220,  732,  694,  211
1221,  694,  234,  657
1222,  695,   92,  642
1223,  747,  695,   93
1224,  733,  696,  159
1225,  696,  158,  659
1226,  735,  697,  223
1227,  697,  246,  658
1228,  698,  242,  646
1229,  754,  698,  219
1230, 1030,  699,  121
1231, 1030,  772,  699
1232,  736,   82,  666
1233,  831,  737,   87
1234,  930,  763,  675
1235,  701,   84,  650
1236,  739,  702,  266
1237,  833,  740,  260
1238,  797,  705,  752
1239,  703,  264,  652
1240,  799,  743,  704
1241,  704,  203,  653
1242,  751,  705,  258
1243,  752,  705,  257
1244,  706,  241,  656
1245, 1027,  805,  218
1246,  855,  745,  236
1247,  748,  707,  212
1248,  856,  749,  248
1249,  750,  708,  224
1250,  709,   86,  655
1251,  821,   87,  700
1252,  756,  710,  181
1253,  807,  182,  710
1254,  758,   96,  600
1255,  830,  757,   95
1256,  712,  114,  539
1257,  712,  599,  113
1258,  722,   76,  391
1259,  713,   81,  666
1260,  723,  714,  151
1261,  714,  590,  636
1262,  715,  171,  680
1263,  715,  613,  678
1264,  716,  167,  614
1265,  716,  592,  679
1266,  717,  142,  682
1267,  768,  717,  141
1268,  718,  680,  171
1269,  766,  718,  171
1270,  719,  675,  606
1271,  719,   84,  701
1272,  720,  142,  717
1273, 1059,  868,  760
1274,  759,  721,  103
1275,  859,  721,  811
1276,  722,  391,  441
1277,  722,  441,   81
1278,  822,  723,  151
1279,  723,  684,  120
1280,  724,  270,  387
1281,  724,  368,  506
1282,  827,  725,  184
1283,  725,  183,  690
1284,  726,  205,  670
1285,  726,  206,  690
1286,  727,  169,  591
1287,  926,  168,  828
1288, 1130,  193,  951
1289,  728,  639,  691
1290,  781,  729,  251
1291,  793,  729,  128
1292,  782,  730,  156
1293,  730,  179,  693
1294,  783,  731,  100
1295,  731,   93,  695
1296,  784,  732,  211
1297,  791,  732,  210
1298,  779,  733,  159
1299,  794,  733,  136
1300,  778,  734,  220
1301,  734,  219,  698
1302,  780,  735,  223
1303,  792,  735,  222
1304,  736,  700,   82
1305,  746,  736,   81
1306,  841,   88,  796
1307,  737,  649,  700
1308,  796,  650,   83
1309,  832,  738,   88
1310,  739,  266,  609
1311,  773,  619,  767
1312,  840,  259,  798
1313,  740,  651,  702
1314,  741,  263,  603
1315,  797,  741,  703
1316,  798,  652,  265
1317,  834,  774,  258
1318,  810,  226,  438
1319,  743,  203,  704
1320,  894,  179,  846
1321,  744,  202,  704
1322,  800,  235,  394
1323,  855,  801,  745
1324,  808,   81,  392
1325,  746,   86,  709
1326,  875,  831,   87
1327,  747,   87,  709
1328,  777,  748,  212
1329,  748,  211,  694
1330,  803,  247,  429
1331,  856,  802,  749
1332,  776,  750,  224
1333,  750,  223,  697
1334,  774,  751,  258
1335,  751,  251,  692
1336,  804,  257,  433
1337,  752,  263,  741
1338,  809,  240,  417
1339,  753,  241,  706
1340,  893,  219,  842
1341,  754,  218,  706
1342,  775,  755,  182
1343,  755,  159,  696
1344,  806,  181,  408
1345,  857,  849,  205
1346,  853,  102,  812
1347,  757,  660,  711
1348,  838,   90,  763
1349,  838,  820,  758
1350,  907,  812,  102
1351,  811,  759,  111
1352,  760,  166,  679
1353,  760,  679,  681
1354,  814,  761,  172
1355,  771,  761,  173
1356,  860,  762,  813
1357,  762,  141,  686
1358,  930,  838,  763
1359,  763,   90,  615
1360,  815,  764,  254
1361,  816,  764,  253
1362,  872,  828,  765
1363,  765,  168,  677
1364,  870,  766,  823
1365,  766,  172,  718
1366,  773,  260,  702
1367,  767,  261,  673
1368,  865,  817,  141
1369, 1070,  818,  164
1370,  869,  769,  824
1371,  769,  167,  716
1372,  849,  785,  770
1373,  770,  228,  601
1374,  968,  819,  173
1375,  771,  150,  638
1376,  772,  132,  580
1377,  772,  588,  699
1378,  773,  702,  739
1379,  773,  739,  619
1380,  835,  834,  259
1381,  774,  251,  751
1382,  949,  871,  160
1383,  775,  159,  755
1384,  881,  776,  224
1385,  914,  844,  776
1386,  916,  847,  777
1387,  777,  211,  748
1388,  960,  900,  778
1389,  900,  842,  778
1390,  901,  843,  160
1391,  779,  136,  733
1392,  844,  780,  223
1393, 1031,  780,  902
1394,  903,  845,  252
1395,  781,  128,  729
1396,  782,  179,  730
1397,  961,  904,  782
1398,  905,   94,  848
1399,  783,   93,  731
1400,  847,  784,  211
1401, 1039,  784,  906
1402,  892,  785,  849
1403,  785,  228,  770
1404,  851,  786,  183
1405,  854,  182,  807
1406,  910,  864,  207
1407,  787,  184,  725
1408,  837,  788,  191
1409,  788,  192,  691
1410,  891,  789,  157
1411,  789,  156,  730
1412,  889,  790,   99
1413,  790,  100,  731
1414,  878,  791,  210
1415,  791,  233,  643
1416,  879,  792,  222
1417,  792,  245,  647
1418,  880,  793,  128
1419,  793,  127,  640
1420,  877,  794,  136
1421,  794,  135,  644
1422,  890,  795,  243
1423,  795,  220,  734
1424,  841,   83,  649
1425,  796,   88,  738
1426,  797,  703,  258
1427,  797,  258,  705
1428,  840,  265,  651
1429,  798,  259,  742
1430,  799,  704,  202
1431, 1008,  225, 1004
1432,  800,  394,  459
1433,  800,  459,  236
1434,  915,  801,  213
1435,  801,  707,  745
1436,  913,  802,  225
1437,  802,  708,  749
1438,  803,  429,  471
1439,  803,  471,  248
1440,  804,  433,  482
1441,  804,  482,  263
1442,  805,  706,  218
1443, 1007,  805,  217
1444,  806,  408,  449
1445,  806,  449,  204
1446,  854,  205,  726
1447,  807,  710,  756
1448,  808,  392,  442
1449,  808,  442,   86
1450,  809,  417,  464
1451,  809,  464,  241
1452,  810,  438,  475
1453,  810,  475,  203
1454,  836,  811,  111
1455,  859,  811,  112
1456,  853,  103,  660
1457,  907,  858,  812
1458,  861,  813,  113
1459,  908,  859,  112
1460,  918,  885,  814
1461,  814,  173,  761
1462,  863,  815,  254
1463,  909,  815,  131
1464,  876,  833,  260
1465,  816,  260,  767
1466,  929,  817,  865
1467,  817,  164,  768
1468,  818,  165,  720
1469,  818,  717,  768
1470, 1136,  968,  174
1471,  819,  150,  771
1472,  839,   89,  832
1473,  820,   95,  711
1474,  821,  709,   87
1475,  821,  700,  736
1476,  866,  822,  151
1477,  852,  822,  152
1478,  867,  171,  715
1479, 1010,  870,  194
1480,  868,  166,  760
1481,  967,  869,  189
1482,  872,  825,  190
1483,  825,  167,  769
1484,  918,  826,  195
1485,  826,  172,  766
1486,  888,  827,  184
1487,  912,  827,  888
1488,  926,  191,  788
1489,  828,  168,  765
1490,  922,  829,  873
1491,  829,  193,  728
1492,  920,  886,  830
1493,  830,  102,  757
1494,  875,   87,  747
1495,  917,  884,   88
1496,  884,  839,  832
1497,  832,   89,  738
1498,  876,  260,  816
1499,  883,  835,  259
1500,  834,  742,  259
1501,  883,  259,  833
1502,  845,  835,  252
1503,  835,  774,  834
1504,  899,  836,  111
1505,  896,  860,  112
1506,  948,  873,  837
1507,  837,  192,  788
1508,  838,   89,  820
1509,  838,  758,   90
1510,  839,   95,  820
1511,  839,  820,   89
1512,  840,  651,  740
1513,  840,  740,  259
1514,  841,  649,  737
1515,  841,  737,   88
1516,  992,  842,  196
1517,  842,  219,  778
1518,  843,  159,  775
1519,  997,  901,  160
1520,  844,  223,  776
1521,  999,  902,  200
1522,  845,  251,  774
1523,  998,  903,  252
1524,  991,  846,  178
1525,  846,  179,  782
1526,  847,  211,  777
1527, 1000,  906,  188
1528,  917,  848,   94
1529,  848,   93,  783
1530,  857,  205,  807
1531,  892,  849,  857
1532,  850,  228,  785
1533,  850,  227,  413
1534,  871,  851,  183
1535,  851,  775,  182
1536, 1064,  925,  152
1537,  852,  121,  684
1538,  853,  660,  757
1539,  853,  757,  102
1540,  854,  726,  786
1541,  854,  786,  182
1542,  959,  898,  236
1543,  855,  213,  801
1544,  958,  897,  248
1545,  856,  225,  802
1546,  857,  807,  756
1547,  892,  857,  204
1548,  947,  858,  110
1549,  858,  759,  812
1550,  908,  112,  813
1551,  859,  104,  721
1552,  896,  112,  836
1553,  865,  860,  140
1554,  861,  113,  599
1555,  963,  908,  861
1556,  895,  862,  130
1557,  862,  253,  764
1558,  863,  254,  586
1559,  863,  685,  131
1560,  964,  864,  910
1561,  864,  184,  787
1562,  929,  865,  140
1563,  865,  141,  762
1564, 1009,  866,  966
1565,  866,  152,  822
1566,  951,  867,  170
1567,  951,  928,  867
1568, 1059,  952,  868
1569,  927,  188,  916
1570,  869,  824,  189
1571,  869,  190,  825
1572,  870,  823,  194
1573,  870,  195,  826
1574,  949,  160,  843
1575,  871,  183,  827
1576,  872,  765,  825
1577,  939,  872,  190
1578,  873,  192,  837
1579,  922,  216,  887
1580,  874,   95,  839
1581,  920,  905,  101
1582,  875,  747,   93
1583,  875,   93,  848
1584,  876,  816,  253
1585,  938,  876,  253
1586,  933,  877,  136
1587,  979,  944,  877
1588,  984,  878,  935
1589,  878,  233,  791
1590,  879,  245,  792
1591,  931,  879,  222
1592,  880,  127,  793
1593,  937,  880,  128
1594,  913,  881,  224
1595,  914,  881,  201
1596,  915,  882,  212
1597,  916,  882,  189
1598,  938,  833,  876
1599,  883,  252,  835
1600,  917,   88,  831
1601,  884,   94,  874
1602,  969,  919,  885
1603,  885,  173,  814
1604,  970,  886,  101
1605,  886,  102,  830
1606,  971,  923,  887
1607,  887,  193,  829
1608,  972,  924,  184
1609, 1045,  997,  160
1610,  943,  889,   99
1611,  983,  979,  108
1612,  978,  941,  244
1613,  890,  220,  795
1614,  891,  156,  789
1615,  945,  891,  157
1616,  974,  204,  410
1617,  892,  227,  785
1618,  992,  955,  893
1619,  893,  218,  754
1620,  991,  954,  894
1621,  894,  202,  744
1622, 1080,  895,  130
1623,  895,  253,  862
1624,  957,  836,  899
1625,  896,  140,  860
1626, 1013,  897,  249
1627, 1004,  856,  897
1628, 1012,  898,  237
1629, 1005,  855,  898
1630,  947,  899,  111
1631,  957,  899,  139
1632,  960,  778,  220
1633, 1016,  969,  900
1634, 1035,  137,  980
1635,  901,  779,  843
1636, 1031,  199,  975
1637,  902,  780,  844
1638, 1040,  129,  988
1639,  903,  781,  845
1640,  961,  782,  156
1641, 1001,  904,  155
1642,  962,  783,  100
1643,  920,  101,  886
1644, 1039,  187,  986
1645,  906,  784,  847
1646,  921,  102,  886
1647,  907,  110,  858
1648,  908,  104,  859
1649,  908,  813,  861
1650, 1111,  131, 1103
1651,  909,  130,  862
1652,  964,  910,  208
1653,  965,  910,  207
1654, 1136,  151, 1128
1655, 1087,  966,  174
1656,  912,  160,  871
1657,  912,  871,  827
1658,  913,  224,  802
1659, 1023,  225,  799
1660,  995,  914,  201
1661,  914,  200,  844
1662,  915,  212,  801
1663, 1044,  213,  994
1664,  927,  916,  189
1665,  916,  188,  847
1666,  917,  831,  875
1667,  917,   94,  884
1668,  918,  814,  826
1669,  992,  918,  195
1670, 1016,  919,  969
1671,  919,  173,  885
1672,  920,  874,   94
1673,  920,   94,  905
1674,  970,  921,  886
1675, 1003,  907,  921
1676,  922,  873,  215
1677, 1006,  922,  215
1678, 1015,  923,  971
1679,  923,  193,  887
1680, 1014,  924,  185
1681,  993,  888,  924
1682, 1064, 1029,  925
1683,  925,  121,  852
1684,  926,  788,  727
1685,  926,  727,  168
1686,  927,  189,  824
1687,  952,  927,  868
1688, 1135,  193,  923
1689,  928,  194,  823
1690,  953,  929,  140
1691,  953,  950,  929
1692,  930,  701,   89
1693,  930,   89,  838
1694,  975,  931,  222
1695,  976,  931,  221
1696, 1033,  932,  221
1697,  932,  220,  890
1698,  980,  933,  136
1699,  979,  933,  108
1700, 1036,  934,  125
1701,  934,  156,  891
1702,  986,  935,  210
1703,  984,  935,  209
1704, 1038,  936,  108
1705,  936,  100,  889
1706,  988,  937,  128
1707,  987,  125,  981
1708,  938,  253,  895
1709,  938,  252,  883
1710, 1074,  989,  191
1711,  939,  191,  872
1712,  940,  244,  426
1713,  940,  245,  879
1714,  941,  243,  467
1715,  978,  244,  976
1716,  942,  232,  399
1717,  942,  233,  878
1718,  943,   99,  445
1719,  983,  107,  979
1720,  944,  107,  403
1721,  944,  135,  877
1722,  945,  157,  478
1723,  981,  945,  126
1724,  946,  126,  419
1725,  946,  127,  880
1726,  947,  111,  858
1727,  996,  947,  110
1728,  956,  948,  214
1729,  948,  215,  873
1730,  949,  843,  775
1731,  949,  851,  871
1732, 1043,  950,  163
1733,  950,  164,  817
1734, 1130,  951,  170
1735,  951,  193,  928
1736, 1047, 1000,  188
1737,  952,  188,  927
1738, 1051, 1025,  139
1739,  953,  163,  950
1740,  990,  201,  881
1741,  954,  202,  894
1742, 1010,  955,  195
1743,  955,  218,  893
1744, 1062, 1028,  956
1745,  956,  215,  948
1746, 1025,  957,  139
1747,  957,  896,  836
1748,  958,  249,  897
1749,  958,  248,  430
1750,  959,  237,  898
1751,  959,  236,  395
1752,  977,  220,  932
1753,  960,  197,  900
1754,  982,  156,  934
1755,  961,  155,  904
1756,  985,  100,  936
1757,  962,  101,  905
1758, 1026,  105,  550
1759,  963,  104,  908
1760, 1011,  964,  208
1761, 1133,  972,  864
1762, 1115,  965,  645
1763,  965,  207,  671
1764, 1009,  966,  175
1765,  966,  866,  911
1766,  967,  190,  869
1767,  967,  189,  882
1768,  968,  173,  919
1769, 1136,  174,  911
1770,  969,  196,  900
1771, 1016,  900,  197
1772, 1020,  101,  985
1773, 1020, 1017,  970
1774, 1019,  971,  216
1775, 1019, 1015,  971
1776,  972,  185,  924
1777,  972,  184,  864
1778,  973,  121,  925
1779, 1103, 1063,  122
1780,  974,  410,  450
1781,  974,  227,  892
1782, 1031,  975,  222
1783, 1065,  975,  199
1784,  978,  221,  932
1785,  976,  244,  940
1786, 1033,  977,  932
1787,  977,  197,  960
1788,  978,  932,  890
1789,  978,  890,  941
1790,  983,  108,  936
1791,  979,  107,  944
1792, 1035,  980,  136
1793, 1066,  980,  137
1794,  987,  126,  946
1795,  981,  125,  934
1796, 1036,  982,  934
1797,  982,  155,  961
1798,  983,  936,  889
1799,  983,  889,  943
1800, 1050,  984,  209
1801,  984,  232,  942
1802, 1038,  985,  936
1803,  985,  101,  962
1804, 1039,  986,  210
1805, 1067,  986,  187
1806,  987,  880,  937
1807,  987,  937,  125
1808, 1040,  988,  128
1809, 1068,  988,  129
1810, 1074,  191,  939
1811,  989,  214,  948
1812,  990,  881,  913
1813, 1023,  990,  913
1814, 1042,  995,  201
1815,  991,  201,  954
1816,  992,  196,  918
1817,  992,  195,  955
1818, 1018,  993, 1014
1819,  993,  161,  888
1820, 1044,  190,  967
1821, 1021,  994,  213
1822, 1042,  201,  991
1823, 1055, 1046,  995
1824, 1022,  996,  110
1825, 1092, 1086,  139
1826, 1056, 1045,  161
1827,  997,  137,  901
1828,  998,  129,  903
1829,  998,  252,  938
1830, 1046,  999,  200
1831, 1079,  999, 1069
1832, 1078, 1000, 1070
1833, 1000,  187,  906
1834, 1001,  178,  904
1835, 1077, 1071, 1001
1836, 1002,  139,  899
1837, 1002,  899,  947
1838, 1022, 1003, 1017
1839, 1003,  110,  907
1840, 1013, 1008, 1004
1841, 1004,  225,  856
1842, 1021, 1005, 1012
1843, 1005,  213,  855
1844, 1100, 1058, 1006
1845, 1006,  216,  922
1846, 1060, 1024, 1007
1847, 1007,  240,  753
1848, 1008,  226,  743
1849, 1008,  799,  225
1850, 1121,  175, 1113
1851, 1009,  152,  866
1852, 1010,  195,  870
1853, 1073,  194, 1015
1854, 1052,  209, 1037
1855, 1133, 1011,  185
1856, 1084,  237, 1062
1857, 1021, 1012,  214
1858, 1131, 1013,  249
1859, 1013,  226, 1008
1860, 1072, 1014,  185
1861, 1018, 1014,  162
1862, 1073, 1015,  217
1863, 1135, 1015,  194
1864, 1098, 1087,  174
1865, 1016,  174,  919
1866, 1017,  921,  970
1867, 1022, 1017,  109
1868, 1086, 1018,  162
1869, 1057, 1056,  161
1870, 1019,  217, 1015
1871, 1058, 1019,  216
1872, 1020,  109, 1017
1873, 1020,  970,  101
1874, 1021,  213, 1005
1875, 1074, 1021,  214
1876, 1022,  110, 1003
1877, 1083,  109, 1066
1878, 1023,  913,  225
1879, 1023,  799,  202
1880, 1061, 1024,  239
1881, 1024,  240, 1007
1882, 1086, 1051,  139
1883, 1025,  953,  140
1884, 1026,  550,  557
1885, 1026,  557,  104
1886, 1027,  217,  805
1887, 1027,  218,  955
1888, 1100, 1028,  238
1889, 1028,  215,  956
1890, 1053, 1029,  153
1891, 1029,  122,  973
1892, 1030,  132,  772
1893, 1030,  121,  973
1894, 1031,  222,  780
1895, 1031,  902,  199
1896, 1033, 1032,  198
1897, 1032,  221,  931
1898, 1033,  221, 1032
1899, 1129, 1033,  198
1900, 1038, 1034,  109
1901, 1034,  108,  933
1902, 1035,  136,  779
1903, 1035,  901,  137
1904, 1041, 1036,  125
1905, 1108, 1036,  124
1906, 1052, 1037,  186
1907, 1037,  209,  935
1908, 1038,  108, 1034
1909, 1038,  109, 1020
1910, 1039,  210,  784
1911, 1039,  906,  187
1912, 1040,  128,  781
1913, 1040,  903,  129
1914, 1041,  124, 1036
1915, 1041,  125,  937
1916, 1042,  991,  178
1917, 1048, 1042,  178
1918, 1076, 1043,  163
1919, 1134, 1094,  187
1920, 1044,  967,  915
1921, 1044,  915,  213
1922, 1045,  912,  161
1923, 1057,  161, 1018
1924, 1046,  200,  995
1925, 1119,  177, 1104
1926, 1047,  952,  165
1927, 1070,  165,  818
1928, 1055, 1048,  177
1929, 1048,  178, 1001
1930, 1125, 1049, 1121
1931, 1049,  152, 1009
1932, 1091,  231, 1082
1933, 1050,  232,  984
1934, 1093, 1051,  162
1935, 1051,  953, 1025
1936, 1102, 1052,  186
1937, 1054, 1052, 1011
1938, 1132, 1117,  154
1939, 1132,  153, 1117
1940, 1054,  209, 1052
1941, 1091, 1054,  208
1942, 1055,  177, 1046
1943, 1055,  995, 1042
1944, 1081,  138, 1075
1945, 1056,  997, 1045
1946, 1092, 1018, 1086
1947, 1057,  138, 1056
1948, 1058,  216, 1006
1949, 1058,  239, 1024
1950, 1059,  760,  720
1951, 1059,  165,  952
1952, 1060,  217, 1019
1953, 1060, 1019, 1024
1954, 1061,  240, 1024
1955, 1061,  239,  416
1956, 1084,  956,  214
1957, 1127,  237,  414
1958, 1063,  973,  122
1959, 1085,  131,  685
1960, 1064,  152, 1049
1961, 1064,  153, 1029
1962, 1096, 1065,  199
1963, 1065,  198, 1032
1964, 1083,  137, 1075
1965, 1066,  109, 1034
1966, 1134,  187, 1078
1967, 1067,  186, 1037
1968, 1101,  129, 1080
1969, 1068,  124, 1041
1970, 1079, 1069,  176
1971, 1069,  999, 1046
1972, 1078, 1070,  164
1973, 1070, 1000, 1047
1974, 1077, 1001,  155
1975, 1104, 1071,  154
1976, 1106, 1076,  163
1977, 1072,  162, 1014
1978, 1073,  217, 1027
1979, 1073, 1010,  194
1980, 1074,  214,  989
1981, 1074,  939,  994
1982, 1081, 1075,  137
1983, 1075,  138,  996
1984, 1106,  163, 1093
1985, 1094,  186, 1067
1986, 1095, 1077,  155
1987, 1077,  154, 1071
1988, 1134,  164, 1043
1989, 1078,  187, 1000
1990, 1109, 1096, 1079
1991, 1079,  199,  999
1992, 1101, 1080,  130
1993, 1080,  129,  998
1994, 1081,  137,  997
1995, 1081, 1056,  138
1996, 1082,  231,  455
1997, 1082,  232, 1050
1998, 1083, 1022,  109
1999, 1083, 1066,  137
2000, 1084,  214, 1012
2001, 1084, 1012,  237
2002, 1085,  685,  132
2003, 1085, 1030, 1063
2004, 1086,  162, 1051
2005, 1092,  139, 1002
2006, 1112, 1087, 1098
2007, 1087,  175,  966
2008, 1088,  379,  386
2009, 1088,   76,  597
2010, 1089,   78,  380
2011, 1089,  381,  509
2012, 1114, 1111, 1090
2013, 1090,  122, 1053
2014, 1091, 1050, 1054
2015, 1115, 1091,  208
2016, 1092,  138, 1057
2017, 1092, 1057, 1018
2018, 1093,  163, 1051
2019, 1093,  162, 1072
2020, 1094, 1067,  187
2021, 1094, 1043, 1076
2022, 1108, 1095,  155
2023, 1124, 1105, 1118
2024, 1113, 1096, 1109
2025, 1096,  199, 1079
2026, 1101, 1097,  129
2027, 1097,  124, 1068
2028, 1098, 1016,  197
2029, 1129,  197,  977
2030, 1116, 1113, 1099
2031, 1099,  175, 1087
2032, 1107,  238,  415
2033, 1100,  239, 1058
2034, 1114,  130, 1111
2035, 1122, 1110, 1097
2036, 1120,  186, 1106
2037, 1102,  185, 1011
2038, 1103,  131, 1063
2039, 1103,  122, 1090
2040, 1104,  177, 1071
2041, 1117, 1104,  154
2042, 1118, 1105,  154
2043, 1105,  123, 1090
2044, 1120, 1106, 1072
2045, 1106,  186, 1076
2046, 1107,  415,  462
2047, 1107,  462,  239
2048, 1108,  124, 1095
2049, 1108,  155,  982
2050, 1121, 1109,  176
2051, 1121, 1113, 1109
2052, 1110,  124, 1097
2053, 1124, 1118, 1095
2054, 1114, 1090,  123
2055, 1111,  130,  909
2056, 1112, 1098,  197
2057, 1112,  198, 1099
2058, 1113,  175, 1099
2059, 1116, 1099,  198
2060, 1122, 1114,  123
2061, 1114, 1101,  130
2062, 1115,  208,  910
2063, 1115,  645,  231
2064, 1116,  198, 1065
2065, 1116, 1096, 1113
2066, 1132,  154, 1105
2067, 1123,  176, 1119
2068, 1118,  154, 1077
2069, 1124, 1095, 1110
2070, 1119,  176, 1069
2071, 1119, 1069,  177
2072, 1120, 1072,  185
2073, 1120, 1102,  186
2074, 1125,  176, 1123
2075, 1121, 1049,  175
2076, 1122, 1101, 1114
2077, 1122,  123, 1110
2078, 1123, 1117,  153
2079, 1125, 1123,  153
2080, 1124, 1110,  123
2081, 1124,  123, 1105
2082, 1125,  153, 1049
2083, 1125, 1121,  176
2084, 1126,  566,  565
2085, 1126,  145,  617
2086, 1127,  414,  461
2087, 1127,  238, 1062
2088, 1128,  151,  714
2089, 1128,  714,  150
2090, 1129,  977, 1033
2091, 1129,  198, 1112
2092, 1130,  170,  639
2093, 1130,  728,  193
2094, 1131,  249,  439
2095, 1131,  474,  226
2096, 1132, 1105, 1053
2097, 1132, 1053,  153
2098, 1133,  964, 1011
2099, 1133,  185,  972
2100, 1134, 1078,  164
2101, 1134, 1043, 1094
2102, 1135,  923, 1015
2103, 1135,  194,  928
2104, 1136,  911,  151
2105, 1136,  819,  968