  1,  518,  509,  440
   2,  730,  655,   91
   3,  839,   90,  807
   4,  680,   89,  651
   5,  689,   88,  650
   6,  926,  754,   93
   7,  485,  358,    9
   8, 1271,  453,  485
   9,  486,  359,   10
  10, 1008,  967,   92
  11,  464,  360,  454
  12,  817,  717,  801
  13,  958,  908,  845
  14, 1379, 1258, 1306
  15, 1437, 1406,  131
  16, 1413, 1388,  163
  17, 1347, 1259, 1287
  18, 1214, 1130,  995
  19, 1235, 1165, 1103
  20, 1172,  706,  758
  21,  647,  561,  299
  22,  585,  561,  383
  23,  562,   33,  384
  24,  586,  562,  384
  25,  644,  586,  570
  26,  865,  788,  673
  27, 1011,  825,  275
  28, 1082, 1033,  249
  29, 1017,  953,  842
  30,  860,  669,  170
  31,  521,  452,  520
  32,  764,  656,  521
  33,  765,  653,  169
  34,  769,  765,  169
  35, 1194, 1154,  222
  36, 1154, 1073,  222
  37,  892,  822,  274
  38,  677,  299,  646
  39,  866,  677,  740
  40,  673,  300,  644
  41,  599,  356,  484
  42,  484,  356,  357
  43,  605,  354,  355
  44, 1452,  796,   87
  45,  607,  353,  604
  46,  650,  600,   87
  47,  623,  464,  454
  48,  487,  361,   12
  49,  777,  725,  662
  50, 1342, 1022, 1048
  51, 1382, 1275, 1356
  52, 1424, 1354, 1391
  53, 1344, 1308,  190
  54, 1162, 1006, 1065
  55,  933,  886,  921
  56, 1326, 1174,  757
  57,  645,  583,  563
  58,  584,  382,   32
  59,  709,  487,  684
  60,  747,  488,  467
  61, 1094,  120,  854
  62, 1200, 1109,  161
  63, 1334, 1204,  188
  64, 1450, 1441, 1391
  65, 1139, 1076,  216
  66,  937,  823,  886
  67,  880,  693,  270
  68,  582,  564,  380
  69,  583,  381,   31
  70,  625,  466,  488
  71,  489,  468,  128
  72, 1293, 1225, 1093
  73, 1109,  846,  959
  74, 1285, 1118, 1267
  75, 1339, 1301, 1252
  76,  942,  828,  891
  77,  791,  679,  744
  78,  581,  295,  565
  79,  582,  380,   30
  80, 1148,  467,  489
  81,  490,  468,  364
  82,  855,  661,  778
  83, 1095,  907,  961
  84, 1376, 1267, 1310
  85, 1182, 1101,  241
  86,  785,  671,  734
  87,  580,  294,  566
  88,  581,  379,   29
  89,  490,  128,  468
  90,  469,   15,  366
  91,  800,  724,  716
  92, 1268, 1231,  213
  93, 1213,  985,  266
  94, 1298, 1242, 1169
  95,  579,  293,  567
  96,  580,  378,   28
  97, 1476,  491,  469
  98,  470,   16,  367
  99,  874,  212,  815
 100, 1123,  980, 1059
 101, 1016,  951,  838
 102,  578,  292,  568
 103,  579,  377,   27
 104,  685,  492,  470
 105,  471,   17,  368
 106,  991,  238,  988
 107, 1025,  844,  906
 108,  812,  577,  292
 109,  578,  568,  376
 110,  493,  471,  211
 111,  495,  473,  263
 112, 1124, 1020,  264
 113,  819,  558,  576
 114,  577,  569,  375
 115, 1465, 1062,  237
 116,  496,  370,   20
 117, 1030,  956,  289
 118,  576,  569,  291
 119, 1205, 1187,  263
 120,  474,  371,  372
 121,  575,  559,  373
 122,  560,  372,   22
 123,  587,  570,  385
 124,  588,  301,  587
 125, 1260, 1241, 1168
 126, 1178, 1153,  249
 127, 1082, 1061,  223
 128, 1018,  954,  903
 129,  732,  715,  171
 130,  703,  522,  171
 131,  528,   72,  428
 132,  660,  631,  527
 133,  809,  721,  723
 134,  831,  157,  809
 135, 1397,  144, 1346
 136, 1425, 1313, 1346
 137, 1364, 1348,  154
 138, 1383, 1276, 1358
 139, 1199, 1108,  152
 140, 1292, 1223, 1091
 141,  500,  475,  408
 142,  500,  149,  475
 143,  476,   57,  410
 144, 1477,  501,  476
 145,  477,   58,  411
 146,  875,  324,  816
 147,  968,  914,  332
 148, 1029,  969,  339
 149,  808,  597,  611
 150,  611,  421,  598
 151,  806,  616,  348
 152,  593,  423,  438
 153,  593,  438,  526
 154,  534,  532,  436
 155,  881,  781,  859
 156, 1189,  681,  328
 157,  749,  681,  329
 158, 1141,  155, 1078
 159, 1425, 1346,  144
 160,  571,   35,  387
 161,  589,  302,  571
 162,  786,  672,  736
 163,  941,  827,  890
 164, 1138, 1075,  225
 165, 1263, 1221, 1157
 166,  912,  699,  172
 167,  536,  426,  523
 168,  533,  523,   70
 169,  572,   36,  388
 170,  590,  303,  572
 171,  790,  676,  741
 172,  938,  824,  887
 173, 1161, 1007, 1066
 174, 1144, 1090,  199
 175,  773,  722,  173
 176,  536,  524,   71
 177,  698,  524,  536
 178,  573,   37,  389
 179,  591,  304,  573
 180,  879,  694,  279
 181,  934,  887,  920
 182, 1215, 1131,  996
 183, 1195,  200, 1176
 184, 1106,  922,  174
 185,  804,  139,  524
 186,  870,  621,  804
 187,  574,   38,  390
 188,  592,  574,  390
 189, 1325, 1173,  759
 190, 1234, 1164, 1104
 191, 1414, 1405,  227
 192, 1355, 1327,  201
 193, 1256,  175, 1188
 194,  731,  668,  140
 195,  782,  731,  175
 196,  539,   39,  391
 197,  549,  306,  539
 198, 1171,  707,  760
 199, 1237, 1234,  280
 200, 1337, 1296, 1238
 201, 1432, 1419, 1369
 202, 1478, 1472, 1433
 203, 1457, 1456,  142
 204, 1473, 1457, 1458
 205,  540,   40,  392
 206,  550,  307,  540
 207,  878,  696,  743
 208, 1001,  919,  931
 209, 1133,  997, 1067
 210, 1335, 1206, 1286
 211, 1420, 1400,  178
 212, 1454, 1443, 1448
 213, 1456, 1443, 1454
 214,  551,  541,  393
 215,  632,  551,  542
 216,  867,  678,  742
 217,  939,  821,  893
 218, 1216, 1067, 1132
 219, 1360, 1286, 1336
 220, 1438, 1389,  205
 221, 1446, 1435,  179
 222, 1448, 1435, 1445
 223,  552,  542,  394
 224,  633,  552,  543
 225,  864,  787,  670
 226, 1012,  826,  284
 227, 1137,  231, 1074
 228, 1343,  205, 1307
 229, 1421,  179, 1404
 230, 1446, 1429,  144
 231, 1446, 1444, 1429
 232,  553,  543,  395
 233,  553,  544,  310
 234, 1299, 1170, 1245
 235, 1244, 1179, 1084
 236, 1408, 1352,  232
 237, 1366, 1361,  232
 238, 1365, 1351,  207
 239, 1442, 1415, 1422
 240, 1415, 1412,  181
 241,  554,  544,  396
 242,  545,   45,  397
 243,  950,  837,  897
 244, 1155,  986, 1058
 245, 1249, 1229,  234
 246, 1248, 1180, 1054
 247, 1316, 1192, 1257
 248, 1305, 1257,  182
 249, 1378, 1257, 1305
 250,  554,  545,  311
 251,  546,   46,  398
 252, 1005,  897,  949
 253, 1071, 1058, 1031
 254, 1158,  235, 1050
 255,  962,  209,  909
 256,  964,  208,  909
 257, 1047, 1023,  183
 258, 1341, 1023, 1047
 259,  555,  546,  312
 260,  547,   47,  399
 261,  701,  624,  288
 262,  992,  970,  990
 263,  873,  236,  814
 264,  803,  726,  209
 265,  856,  779,  664
 266, 1224, 1120, 1092
 267, 1092,  183,  856
 268,  556,  547,  313
 269,  548,  400,  461
 270,  462,  314,  461
 271, 1127,  459, 1063
 272,  915,  456,  460
 273,  711,  497,  686
 274,  746,  626,  498
 275, 1146,  499,  149
 276,  499,  478,  407
 277,  461,  400,  401
 278,  687,  502,  477
 279,  479,   59,  412
 280,  945,  330,  894
 281,  766,  688,  753
 282,  813,  596,  612
 283,  612,  420,  597
 284,  503,  479,  323
 285,  505,  481,  337
 286, 1060,  700,  752
 287,  652,  613,  345
 288,  613,  419,  596
 289, 1466,  894,  330
 290,  506,  482,  343
 291,  649,  614,  595
 292,  614,  343,  594
 293,  762,  481,  506
 294,  762,  506,  343
 295,  594,  416,   64
 296,  534,   76,  336
 297,  336,   76,  435
 298,  525,   75,  433
 299,  805,  622,  690
 300,  683,  329,  525
 301,  529,  525,  329
 302,  761,  431,  691
 303,  723,  721,  158
 304,  761,  755,  322
 305,  690,  622,  322
 306, 1430,  833,  831
 307,  761,  721,  755
 308,  631,   73,  430
 309,  527,  430,  429
 310,  528,  428,  139
 311,   84,  450,  138
 312,  513,  449,  508
 313,  850,  697,  820
 314,  971,  195,  849
 315, 1151,  220, 1135
 316, 1068,  998,  247
 317,  932,  918,  889
 318,  695,  298,  647
 319,  877,  695,  739
 320,  667,  654,  507
 321,  617,  517,  510
 322,  648,  511,  630
 323,  516,  512,  444
 324,  442,  104,   80
 325,  655,  509,   91
 326,  510,  446,  118
 327,  515,  441,  514
 328,  619,  516,  104
 329,  619,   85,  516
 330,  947,  895,  110
 331, 1114, 1098,  102
 332, 1278, 1097,  100
 333, 1129, 1064,  993
 334,  966,  911,  851
 335,  851,  623,  105
 336,  609,    2,  352
 337,  603,   90,  602
 338,  770,  730,   91
 339,  601,    1,  350
 340,  610,  349,    1
 341,  651,  607,   88
 342,  868,   93,  754
 343, 1183,  967, 1028
 344, 1069, 1000,   99
 345, 1136,  930, 1069
 346, 1149, 1097,  984
 347, 1149,  977,   94
 348,  977,  680,  745
 349,  926,  689,  754
 350,  923,  876,  839
 351,  882,  869,   96
 352,  799,  103,  720
 353,  720,  103,  714
 354,  714,  515,  702
 355,  515,  442,  441
 356,  666,   97,  655
 357,  911,   98,  851
 358,  987,  882,  976
 359,  993,   99,  966
 360, 1021,  908,  113
 361, 1317, 1258,  122
 362, 1401, 1371,  123
 363, 1436, 1417, 1353
 364, 1345,  165, 1311
 365, 1329, 1207,  218
 366, 1390, 1368,  218
 367, 1167, 1087,  246
 368, 1297, 1167, 1239
 369, 1312, 1297, 1239
 370, 1254, 1184,  219
 371, 1197, 1163, 1083
 372, 1100,  982, 1056
 373, 1196,  983, 1159
 374, 1392, 1374, 1279
 375, 1318, 1201,  108
 376, 1212, 1143, 1150
 377, 1251, 1055, 1126
 378, 1055,  107, 1021
 379, 1201, 1114, 1086
 380, 1280,  109, 1201
 381, 1045,  999,  116
 382,  983,  936,  125
 383, 1056,  982,  135
 384, 1470, 1083,  167
 385, 1080,  194, 1039
 386, 1039,  955, 1019
 387, 1019,  955,  168
 388,  784,  168,  737
 389,  789,  675,  738
 390,  756,  648,  117
 391,  795,  682,  110
 392, 1098,  895,  947
 393,  946,  895,  109
 394, 1107,  835,  946
 395,  750,  682,  619
 396,  751,   85,  682
 397,  630,  512,   85
 398,  725,  717,  111
 399,  960,  112,  908
 400, 1427,  122, 1401
 401, 1428, 1427, 1402
 402, 1057,  772,  929
 403,  999,  900,  116
 404,  692,  118,  648
 405,  854,  662,  119
 406, 1022,  958,  845
 407, 1317, 1193, 1258
 408, 1447, 1436,  133
 409, 1332, 1198, 1279
 410,  810,  617,  510
 411,  675,  667,  127
 412,  674,  137,  654
 413,  667,  507,  629
 414,  507,   83,  448
 415,  884,  135,  776
 416,  936,  853,  125
 417, 1226, 1121, 1094
 418, 1048, 1022,  120
 419, 1306, 1258,  121
 420, 1406, 1371, 1386
 421, 1345, 1311, 1328
 422, 1311, 1269,  134
 423,  981,  883,  978
 424,  883,  861,  136
 425,  697,  653,  138
 426,  764,  521,  520
 427,  659,  520,  519
 428, 1091,  150,  857
 429,  857,  663,  780
 430, 1096,  910,  963
 431, 1290, 1211, 1052
 432,  994,  913,  334
 433,  665,  658,  342
 434,  658,  532,  342
 435, 1112,  151, 1108
 436, 1108,  848,  965
 437, 1282, 1117, 1266
 438, 1319,  327, 1265
 439,  858,  781,  335
 440,  859,  532,  534
 441, 1276,  147, 1274
 442, 1333, 1203,  318
 443, 1228, 1156,  319
 444, 1210, 1189,  328
 445,  748,  336,  618
 446, 1375, 1321, 1348
 447, 1324, 1232, 1321
 448, 1037,  979,  320
 449,  749,  328,  681
 450, 1313,  154, 1220
 451, 1220, 1078,  155
 452, 1219, 1141,  320
 453, 1093,  159,  855
 454, 1113,  160, 1109
 455, 1330, 1275,  161
 456, 1411, 1393,  162
 457, 1417, 1388, 1353
 458, 1202, 1142, 1152
 459, 1152, 1100,  165
 460, 1190,  904,  169
 461,  860,  783,  669
 462,  769,  170,  765
 463,  533,  425,  530
 464,  724,  661,  185
 465,  907,  846,  186
 466, 1284,  187, 1204
 467, 1391, 1354,  188
 468, 1381,  189, 1344
 469, 1363,  190, 1347
 470, 1368, 1253, 1329
 471, 1253, 1184,  193
 472, 1041,  195,  971
 473, 1017,  842,  196
 474, 1032, 1017,  196
 475,  775,  732,  197
 476,  852,  199,  773
 477,  925,  722,  773
 478, 1191,  922, 1106
 479, 1304, 1188,  201
 480, 1433,  202, 1419
 481, 1370,  203, 1335
 482, 1389,  204, 1360
 483, 1380,  205, 1343
 484, 1407, 1351, 1365
 485, 1316, 1257,  181
 486,  964,  909,  847
 487,  779,  726,  664
 488,  498,  483,  406
 489,  815,  800,  716
 490,  961,  907,  186
 491, 1267, 1118,  213
 492, 1367,  214, 1339
 493, 1264,  215, 1139
 494, 1259,  216, 1162
 495, 1207,  217, 1130
 496, 1135,  998, 1068
 497, 1082, 1040, 1033
 498, 1154,  221, 1068
 499, 1070,  954, 1018
 500, 1263, 1144, 1221
 501, 1246, 1176, 1090
 502, 1208, 1176,  226
 503, 1405,  228, 1399
 504, 1369,  228, 1337
 505, 1206,  229, 1133
 506, 1395, 1360, 1336
 507, 1262,  231, 1137
 508, 1366, 1322, 1351
 509, 1248, 1054, 1125
 510, 1024,  909,  208
 511,  814,  718,  803
 512,  686,  483,  210
 513,  975,  874,  916
 514, 1160,  238, 1123
 515, 1230,  239, 1128
 516, 1301, 1182, 1252
 517, 1036,  241,  942
 518, 1006,  242,  937
 519,  995,  243,  933
 520, 1236, 1214,  244
 521,  932,  889,  247
 522, 1011,  943,  825
 523,  940,  822,  892
 524, 1153, 1061, 1082
 525, 1035,  250,  941
 526, 1007,  251,  938
 527,  996,  252,  934
 528, 1233, 1215,  253
 529, 1296, 1166, 1238
 530,  997,  255,  931
 531, 1132, 1067,  256
 532, 1034,  257,  944
 533, 1247, 1218,  258
 534, 1227,  259, 1155
 535, 1175,  260, 1071
 536,  990,  970,  873
 537,  460,  456,  404
 538, 1124, 1053,  991
 539,  980,  264,  957
 540,  985,  265,  951
 541, 1243, 1213,  266
 542,  828,  267,  785
 543, 1475,  823,  268
 544,  921,  886,  269
 545, 1174, 1103,  270
 546, 1240, 1172, 1087
 547, 1168, 1085,  275
 548,  827,  276,  786
 549, 1474,  824,  277
 550,  920,  887,  278
 551, 1173, 1104,  279
 552, 1237, 1171, 1088
 553,  931,  919,  888
 554,  821,  282,  793
 555,  826,  283,  787
 556, 1170, 1084,  284
 557,  986,  285,  950
 558, 1071, 1031,  972
 559,  924,  287,  841
 560,  459,  457,  403
 561, 1020,  956,  905
 562,  844,  290,  819
 563,  838,  291,  812
 564, 1468, 1242, 1298
 565,  671,  293,  641
 566, 1461,  642,  679
 567,  693,  295,  643
 568,  705,  296,  640
 569,  706,  297,  645
 570, 1469, 1241, 1260
 571,  672,  302,  634
 572, 1460,  635,  676
 573,  694,  304,  636
 574,  704,  305,  639
 575,  707,  306,  637
 576,  696,  307,  638
 577,  678,  308,  632
 578,  670,  309,  633
 579, 1338, 1299, 1245
 580,  837,  311,  811
 581, 1005,  949,  843
 582,  797,  763,  701
 583,  462,  461,   50
 584,  663,  150,  628
 585,  802,  727,  719
 586, 1255, 1115,  324
 587, 1038,  914,  969
 588, 1026,  928,  952
 589, 1467,  806,  348
 590,  910,  848,  316
 591, 1283,  317, 1203
 592, 1324, 1321,  153
 593, 1140, 1037, 1078
 594,  816,  802,  719
 595,  963,  910,  316
 596, 1266,  325, 1211
 597, 1309, 1156, 1228
 598, 1289, 1210,  328
 599,  974,  945,  331
 600, 1110,  331,  968
 601, 1052,  332, 1038
 602, 1046,  333, 1043
 603, 1210, 1209, 1189
 604,  618,  434,  529
 605,  830,  337,  798
 606,  871,  338,  766
 607,  969,  914,  339
 608,  952,  928,  340
 609,  948,  728,  341
 610,  700,  343,  649
 611,  688,  344,  652
 612, 1077,  345,  813
 613,  840,  346,  808
 614,  610,  601,   91
 615,  602,  350,  351
 616,  603,  602,  351
 617,  608,  352,    3
 618,  604,  353,    4
 619,  605,  600,  354
 620,  606,    5,  599
 621,  356,    7,  357
 622,  484,    8,  453
 623,  485,    9,  463
 624,  486,   10,  464
 625,  465,  454,   11
 626,  487,   12,  466
 627,  488,   13,  467
 628,  489,   14,  468
 629,  491,  490,  365
 630,  491,  365,   15
 631,  492,  366,   16
 632,  493,  367,   17
 633,  494,   18,  472
 634,  495,   19,  473
 635,  496,   20,  474
 636,  371,   21,  372
 637,  560,  559,  289
 638,  575,   23,  558
 639,  576,   24,  569
 640,  577,   25,  568
 641,  578,   26,  567
 642,  579,  567,  377
 643,  580,  566,  378
 644,  581,  565,  379
 645,  582,   30,  538
 646,  583,   31,  563
 647,  584,  563,  382
 648,  585,  383,   33
 649,  586,  384,   34
 650,  587,  385,  386
 651,  588,  587,  386
 652,  634,  572,  303
 653,  635,  573,  304
 654,  636,  574,  305
 655,  592,   39,  539
 656,  637,  549,  540
 657,  638,  550,  541
 658,  551,  393,   42
 659,  552,  394,   43
 660,  553,  395,   44
 661,  554,  396,   45
 662,  555,  397,   46
 663,  556,  398,   47
 664,  557,   48,  548
 665,  400,   49,  401
 666,  461,  401,   50
 667,  458,   51,  457
 668,  459,   52,  456
 669,  460,   53,  455
 670,  497,   54,  483
 671,  498,   55,  478
 672,  499,   56,  475
 673,  501,  500,  409
 674,  501,  409,   57
 675,  502,  410,   58
 676,  503,  411,   59
 677,  504,   60,  480
 678,  505,   61,  481
 679,  506,   62,  482
 680,  415,   63,  416
 681,  594,  482,  416
 682,  595,  417,  418
 683,  615,  418,   65
 684,  596,  419,   66
 685,  597,  420,   67
 686,  598,  421,  422
 687,  616,  598,  422
 688,  438,  423,   69
 689,  522,  424,   78
 690,  530,  424,  522
 691,  523,  426,   70
 692,  524,  427,   71
 693,  428,  427,  139
 694,  531,  429,   72
 695,  531,  527,  429
 696,  691,   73,  158
 697,  432,   74,  322
 698,  537,  432,  322
 699,  529,  434,   75
 700,  435,  434,  618
 701,  535,   77,  532
 702,  526,  438,  437
 703,  439,    6,  349
 704,  518,  440,  439
 705,  514,  441,   79
 706,  443,   80,  104
 707,  516,  444,  443
 708,  511,  445,   81
 709,  446,  445,  118
 710,  517,  447,   82
 711,  629,  447,  127
 712,  508,  449,   83
 713,  513,  450,  449
 714,  519,   84,  138
 715,  484,  453,   86
 716,  453,    8,  358
 717,  454,  360,   11
 718,  623,  454,  105
 719,  915,  460,  236
 720,  455,   53,  405
 721, 1063,  459,  262
 722,  456,   52,  404
 723,  458,  457,  288
 724,  457,   51,  403
 725,  624,  458,  288
 726,  458,  402,   51
 727,  459,  403,   52
 728,  459,  456,  262
 729,  460,  404,   53
 730,  460,  455,  236
 731,  462,   50,  402
 732,  548,  461,  314
 733,  462,  402,  458
 734,  624,  462,  458
 735,  485,  463,   92
 736,  463,    9,  359
 737,  486,  464,   98
 738,  464,   10,  360
 739,  465,  105,  454
 740,  465,   11,  361
 741,  684,  466,  111
 742,  466,   12,  362
 743,  747,  625,  488
 744,  467,   13,  363
 745, 1148,  489,  128
 746,  468,   14,  364
 747,  492,  469,  366
 748,  627,  469,  492
 749,  493,  470,  367
 750,  710,  685,  470
 751,  494,  472,  237
 752,  916,  471,  494
 753,  916,  494,  237
 754,  472,   18,  369
 755, 1465,  263, 1062
 756,  473,   19,  370
 757,  496,  474,  289
 758,  474,   20,  371
 759, 1146,  478,  499
 760,  475,   56,  408
 761,  502,  476,  410
 762,  628,  476,  502
 763,  503,  477,  411
 764,  712,  687,  477
 765,  626,  483,  498
 766,  478,   55,  407
 767,  504,  480,  330
 768,  917,  479,  504
 769,  917,  504,  330
 770,  480,   60,  413
 771, 1466,  337,  894
 772,  481,   61,  414
 773,  482,   62,  415
 774,  482,  415,  416
 775,  686,  497,  483
 776,  483,   54,  406
 777,  599,  484,   86
 778,  484,  357,    8
 779, 1271,  485,   92
 780,  485,  453,  358
 781, 1008,   98,  967
 782,  486,  463,  359
 783,  684,  487,  466
 784,  487,  465,  361
 785,  488,  466,  362
 786,  488,  362,   13
 787,  489,  467,  363
 788,  489,  363,   14
 789,  490,  364,  365
 790, 1147,  490,  491
 791,  491,   15,  469
 792, 1147,  491,  159
 793,  492,   16,  470
 794,  627,  492,  185
 795,  493,   17,  471
 796,  710,  493,  211
 797,  494,  471,  368
 798,  494,  368,   18
 799,  495,  472,  369
 800,  495,  369,   19
 801, 1205,  289, 1187
 802,  496,  473,  370
 803,  497,  455,  405
 804,  497,  405,   54
 805,  498,  406,   55
 806,  746,  498,  478
 807,  499,  407,   56
 808,  499,  475,  149
 809,  500,  408,  409
 810, 1145,  500,  501
 811,  501,   57,  476
 812, 1145,  501,  150
 813,  502,   58,  477
 814,  628,  502,  315
 815,  503,   59,  479
 816,  712,  503,  323
 817,  504,  479,  412
 818,  504,  412,   60
 819,  505,  480,  413
 820,  505,  413,   61
 821,  506,  481,  414
 822,  506,  414,   62
 823,  654,  508,  507
 824,  629,  507,  448
 825,  508,   83,  507
 826,  513,  508,  137
 827,  655,  514,  509
 828,  509,   79,  440
 829,  510,   82,  446
 830,  810,  118,  692
 831,  511,  118,  445
 832,  512,  511,   81
 833,  512,   81,  444
 834,  751,  630,   85
 835,  820,  513,  137
 836,  513,  138,  450
 837,  514,   79,  509
 838,  702,  514,   97
 839,  702,  515,  514
 840,  515,  104,  442
 841,  516,  443,  104
 842,  516,   85,  512
 843,  517,  127,  447
 844,  517,   82,  510
 845,  518,  439,  349
 846,  518,   91,  509
 847,  519,  451,   84
 848,  653,  519,  138
 849,  520,  452,  451
 850,  520,  451,  519
 851,  656,  522,  521
 852,  521,   78,  452
 853,  522,   78,  521
 854,  703,  530,  522
 855,  708,  657,  699
 856,  657,  536,  523
 857,  804,  524,  774
 858,  524,  139,  427
 859,  537,  525,  433
 860,  683,  537,  622
 861,  535,  437,   77
 862,  593,  526,  348
 863,  620,  527,  531
 864, 1480,  527,  620
 865,  621,  528,  139
 866,  531,  528,  140
 867,  529,   75,  525
 868,  618,  529,  329
 869,  713,  533,  530
 870,  530,  425,  424
 871,  531,   72,  528
 872,  620,  531,  140
 873,  658,  535,  532
 874,  532,   77,  436
 875,  699,  533,  172
 876,  533,   70,  425
 877,  534,  436,   76
 878,  881,  336,  748
 879,  535,  348,  526
 880,  535,  526,  437
 881,  698,  536,  657
 882,  536,   71,  426
 883,  537,  433,  432
 884,  622,  537,  322
 885,  640,  582,  538
 886,  538,   30,  381
 887,  549,  391,   40
 888,  639,  592,  539
 889,  550,  392,   41
 890,  637,  540,  307
 891,  541,   41,  393
 892,  638,  541,  308
 893,  542,   42,  394
 894,  632,  542,  309
 895,  543,   43,  395
 896,  633,  543,  310
 897,  544,   44,  396
 898, 1338,  544,  311
 899,  555,  545,  397
 900,  811,  545,  555
 901,  556,  546,  398
 902,  818,  546,  556
 903,  557,  548,  314
 904,  763,  314,  701
 905,  763,  557,  314
 906,  548,   48,  400
 907,  549,  539,  391
 908,  549,   40,  540
 909,  550,  540,  392
 910,  550,   41,  541
 911,  551,   42,  542
 912,  551,  308,  541
 913,  552,   43,  543
 914,  552,  309,  542
 915,  553,   44,  544
 916,  553,  310,  543
 917,  554,   45,  545
 918,  554,  311,  544
 919,  555,   46,  546
 920,  811,  555,  312
 921,  556,   47,  547
 922,  818,  556,  313
 923,  557,  547,  399
 924,  557,  399,   48
 925, 1030,  290,  956
 926,  558,   23,  374
 927,  560,  289,  474
 928,  559,   22,  373
 929,  560,  474,  372
 930,  560,   22,  559
 931,  584,  298,  563
 932,  561,   32,  383
 933,  646,  562,  300
 934,  646,  585,  562
 935,  645,  563,  298
 936,  563,   31,  382
 937,  643,  581,  564
 938,  564,   29,  380
 939,  642,  580,  565
 940,  565,   28,  379
 941,  641,  579,  566
 942,  566,   27,  378
 943, 1468,  578,  293
 944,  567,   26,  377
 945,  812,  569,  577
 946,  568,   25,  376
 947,  819,  576,  291
 948,  569,   24,  375
 949,  570,   34,  385
 950,  644,  570,  301
 951,  589,  387,   36
 952, 1469,  588,  302
 953,  590,  388,   37
 954,  634,  589,  572
 955,  591,  389,   38
 956,  635,  590,  573
 957,  592,  390,   39
 958,  636,  591,  574
 959,  575,  373,   23
 960,  575,  558,  290
 961,  576,  558,  374
 962,  576,  374,   24
 963,  577,  375,   25
 964,  577,  568,  292
 965,  578,  376,   26
 966,  578,  567,  293
 967,  579,   27,  566
 968,  641,  566,  294
 969,  580,   28,  565
 970,  642,  565,  295
 971,  581,   29,  564
 972,  643,  564,  296
 973,  640,  538,  297
 974,  582,  296,  564
 975,  583,  297,  538
 976,  583,  538,  381
 977,  584,   32,  561
 978,  647,  584,  561
 979,  585,   33,  562
 980,  585,  299,  561
 981,  586,   34,  570
 982,  586,  300,  562
 983,  588,  386,   35
 984,  587,  301,  570
 985,  588,   35,  571
 986,  588,  571,  302
 987,  589,  571,  387
 988,  589,   36,  572
 989,  590,  572,  388
 990,  590,   37,  573
 991,  591,  573,  389
 992,  591,   38,  574
 993,  639,  539,  306
 994,  592,  305,  574
 995,  806,  598,  616
 996,  593,   68,  423
 997,  614,   64,  417
 998,  594,  343,  482
 999,  615,  595,  418
1000,  649,  595,  344
1001,  612,  597,  346
1002,  613,  596,  345
1003,  611,  598,  347
1004,  813,  612,  346
1005,  616,  422,   68
1006,  808,  611,  347
1007, 1452,   86,  796
1008,  599,    5,  356
1009,  650,  604,  600
1010,  600,    4,  354
1011,  610,   91,  518
1012,  602,  601,  350
1013,  603,  351,    2
1014,  770,  602,   90
1015,  609,  603,    2
1016,  807,  603,  609
1017,  607,  604,   88
1018,  604,    4,  600
1019,  606,  605,  355
1020,  605,   87,  600
1021,  606,  355,    5
1022,  606,  599,   86
1023,  651,  608,  607
1024,  607,    3,  353
1025,  609,  608,   89
1026,  608,    3,  607
1027,  609,  352,  608
1028,  807,  609,   89
1029,  610,  518,  349
1030,  610,    1,  601
1031,  611,  597,   67
1032,  611,   67,  421
1033,  612,  596,   66
1034,  612,   66,  420
1035,  652,  615,  613
1036,  613,   65,  419
1037,  614,  594,   64
1038,  614,  417,  595
1039,  615,   65,  613
1040,  615,  344,  595
1041,  616,   68,  593
1042,  616,  593,  348
1043,  738,  617,  126
1044,  617,  127,  517
1045,  435,  618,  336
1046,  681,  618,  329
1047, 1105,  750,  619
1048, 1014,  682,  750
1049,  668,  620,  140
1050, 1480,  660,  527
1051,  870,  731,  621
1052,  621,  140,  528
1053,  755,  690,  322
1054,  683,  622,  321
1055, 1027,  105,  817
1056,  623,   98,  464
1057,  841,  701,  288
1058,  624,  314,  462
1059,  662,  625,  119
1060,  625,  111,  466
1061,  664,  626,  184
1062,  626,  210,  483
1063,  661,  627,  185
1064, 1476,  627,  159
1065,  663,  628,  315
1066, 1477,  628,  150
1067,  629,  448,  447
1068,  667,  629,  127
1069,  648,  630,  117
1070,  630,  511,  512
1071,  631,  158,   73
1072,  631,  430,  527
1073,  742,  632,  309
1074,  632,  308,  551
1075,  670,  633,  310
1076,  633,  309,  552
1077,  672,  634,  303
1078,  634,  302,  589
1079,  676,  635,  304
1080,  635,  303,  590
1081,  694,  636,  305
1082,  636,  304,  591
1083,  707,  637,  307
1084,  637,  306,  549
1085,  696,  638,  308
1086,  638,  307,  550
1087,  704,  639,  306
1088,  639,  305,  592
1089,  705,  640,  297
1090,  640,  296,  582
1091,  671,  641,  294
1092,  641,  293,  579
1093,  679,  642,  295
1094,  642,  294,  580
1095,  693,  643,  296
1096,  643,  295,  581
1097,  673,  644,  301
1098,  644,  300,  586
1099,  706,  645,  298
1100,  645,  297,  583
1101,  740,  646,  300
1102,  646,  299,  585
1103,  695,  647,  299
1104,  647,  298,  584
1105,  756,  692,  648
1106,  648,  118,  511
1107,  700,  649,  344
1108,  649,  343,  614
1109,  689,  650,   87
1110,  650,   88,  604
1111,  680,  651,   88
1112,  651,   89,  608
1113,  753,  652,  345
1114,  652,  344,  615
1115,  697,  138,  513
1116,  765,  659,  653
1117,  899,  674,  654
1118,  654,  137,  508
1119,  730,  666,  655
1120,  655,   97,  514
1121,  669,  656,  170
1122,  656,  171,  522
1123,  699,  657,  523
1124,  698,  657,  173
1125,  728,  665,  342
1126,  658,  348,  535
1127,  764,  659,  170
1128,  659,  519,  653
1129,  829,  723,  141
1130,  660,  158,  631
1131,  778,  661,  724
1132,  661,  159,  627
1133,  854,  777,  662
1134,  662,  111,  625
1135,  727,  663,  315
1136,  780,  663,  727
1137,  664,  210,  626
1138,  856,  664,  184
1139,  948,  834,  665
1140, 1467,  658,  665
1141,  767,  666,  730
1142,  729,  666,   96
1143,  675,  127,  617
1144,  899,  667,  136
1145, 1458,  668,  782
1146, 1480,  668,  141
1147,  783,  732,  669
1148,  669,  171,  656
1149,  864,  670,  310
1150,  787,  733,  670
1151,  734,  671,  294
1152,  862,  671,  785
1153,  736,  672,  303
1154,  863,  672,  786
1155,  865,  673,  301
1156,  788,  735,  673
1157,  861,  784,  674
1158,  784,  737,  674
1159,  738,  675,  617
1160,  675,  136,  667
1161,  741,  676,  304
1162, 1474,  676,  790
1163,  866,  740,  735
1164,  792,  739,  677
1165,  867,  742,  733
1166,  793,  743,  678
1167,  744,  679,  295
1168, 1475,  679,  791
1169,  745,  680,   88
1170,  977,  901,  680
1171,  794,  329,  683
1172, 1189,  748,  681
1173,  795,  751,  682
1174,  682,   85,  619
1175,  794,  749,  329
1176,  683,  525,  537
1177,  717,  684,  111
1178,  717,  709,  684
1179,  716,  685,  710
1180,  685,  185,  492
1181,  718,  686,  210
1182,  718,  711,  686
1183,  719,  687,  712
1184,  687,  315,  502
1185,  753,  688,  652
1186,  752,  688,  338
1187,  754,  689,   87
1188, 1463,  689,  926
1189,  833,  690,  157
1190,  833,  805,  690
1191,  691,  431,   73
1192,  721,  691,  158
1193,  771,  692,  756
1194,  810,  692,  126
1195,  757,  693,  296
1196,  880,  744,  693
1197,  759,  694,  305
1198,  879,  741,  694
1199,  739,  695,  299
1200,  758,  695,  272
1201,  743,  696,  308
1202,  760,  696,  281
1203,  850,  820,  737
1204, 1190,  653,  697
1205,  722,  698,  173
1206,  774,  698,  722
1207,  699,  523,  533
1208,  912,  852,  708
1209,  752,  700,  344
1210,  798,  762,  700
1211,  841,  797,  701
1212,  701,  314,  624
1213,  720,  702,   97
1214,  720,  714,  702
1215,  715,  713,  703
1216,  715,  703,  171
1217,  707,  704,  306
1218, 1325,  759,  704
1219,  706,  705,  297
1220, 1326,  757,  705
1221,  758,  706,  298
1222, 1314,  706, 1172
1223,  760,  707,  307
1224, 1315,  707, 1171
1225,  852,  773,  708
1226,  708,  173,  657
1227,  709,  105,  465
1228,  709,  465,  487
1229,  716,  710,  211
1230,  710,  470,  493
1231,  711,  236,  455
1232,  711,  455,  497
1233,  719,  712,  323
1234,  712,  477,  503
1235,  713,  172,  533
1236,  713,  530,  703
1237, 1105,  103,  750
1238,  714,  104,  515
1239,  935,  912,  172
1240,  715,  172,  713
1241,  800,  186,  724
1242,  716,  185,  685
1243,  801,  725,  112
1244,  717,  105,  709
1245,  718,  236,  711
1246,  726,  718,  210
1247,  802,  316,  727
1248,  719,  315,  687
1249,  729,  720,   97
1250,  869,  729,   96
1251,  723,  158,  660
1252,  755,  721,  157
1253, 1106,  722,  925
1254,  774,  722,  174
1255,  723,  660,  141
1256,  829,  809,  723
1257,  778,  724,  186
1258,  724,  185,  716
1259,  725,  111,  662
1260,  960,  801,  112
1261,  726,  210,  664
1262,  962,  803,  209
1263,  780,  727,  316
1264,  727,  315,  719
1265,  781,  728,  342
1266,  913,  728,  858
1267,  729,   97,  666
1268,  869,  799,  729
1269,  770,   91,  601
1270,  770,  767,  730
1271,  731,  140,  621
1272, 1256,  782,  175
1273,  732,  171,  669
1274,  954,  775,  197
1275,  733,  309,  670
1276,  867,  793,  678
1277,  785,  734,  268
1278, 1461,  734,  294
1279,  735,  300,  673
1280,  866,  792,  677
1281,  786,  736,  277
1282, 1460,  736,  303
1283,  850,  737,  168
1284,  737,  137,  674
1285,  776,  738,  126
1286,  789,  738,  135
1287,  739,  299,  677
1288,  877,  739,  273
1289,  740,  677,  646
1290,  740,  300,  735
1291,  790,  741,  278
1292,  741,  304,  694
1293,  742,  678,  632
1294,  742,  309,  733
1295,  743,  308,  678
1296,  878,  743,  282
1297,  791,  744,  269
1298,  744,  295,  693
1299,  977,  745,   94
1300,  745,   88,  689
1301,  746,  478,  184
1302,  746,  184,  626
1303,  747,  467,  119
1304,  747,  119,  625
1305,  881,  748,  335
1306,  748,  618,  681
1307,  872,  749,  794
1308,  885,  749,  872
1309, 1105,  619,  104
1310, 1014,  947,  110
1311,  832,  751,  795
1312,  751,  117,  630
1313,  752,  344,  688
1314, 1060,  798,  700
1315,  768,  753,  345
1316,  768,  766,  753
1317,  796,  754,   87
1318, 1271,  796,   86
1319,  755,  157,  690
1320,  761,  322,   74
1321,  772,  756,  117
1322,  771,  756,  125
1323,  757,  270,  693
1324,  757,  296,  705
1325,  758,  298,  695
1326, 1172,  758,  272
1327,  759,  279,  694
1328,  759,  305,  704
1329,  760,  307,  696
1330, 1171,  760,  281
1331,  761,   74,  431
1332,  761,  691,  721
1333,  762,  343,  700
1334,  762,  337,  481
1335,  763,  313,  547
1336,  763,  547,  557
1337,  764,  520,  659
1338,  764,  170,  656
1339,  849,  769,  169
1340,  765,  170,  659
1341,  871,  766,  339
1342,  766,  338,  688
1343,  876,   90,  839
1344,  767,   96,  666
1345, 1077,  902, 1029
1346,  768,  339,  766
1347,  973,  927,  769
1348,  927,  860,  170
1349,  770,  601,  602
1350,  770,   90,  767
1351,  853,  776,  126
1352,  771,  126,  692
1353,  772,  125,  756
1354,  900,  117,  832
1355,  925,  773,  199
1356,  773,  173,  708
1357,  804,  774,  174
1358,  774,  524,  698
1359,  935,  198,  912
1360,  775,  715,  732
1361,  776,  135,  738
1362,  853,  126,  771
1363,  845,  777,  120
1364,  777,  112,  725
1365,  846,  778,  186
1366,  855,  778,  160
1367,  847,  779,  183
1368,  779,  209,  726
1369,  848,  780,  316
1370,  857,  780,  151
1371,  859,  781,  342
1372, 1288, 1209,  334
1373, 1458,  782,  176
1374,  782,  668,  731
1375,  842,  783,  196
1376,  783,  197,  732
1377,  861,  674,  136
1378, 1019,  784,  167
1379,  828,  785,  268
1380,  862,  785,  267
1381,  827,  786,  277
1382,  863,  786,  276
1383,  826,  787,  284
1384,  787,  283,  733
1385,  825,  788,  275
1386,  788,  274,  735
1387,  978,  789,  135
1388,  789,  136,  675
1389,  824,  790,  278
1390, 1474,  790,  824
1391,  823,  791,  269
1392, 1475,  791,  823
1393,  866,  822,  792
1394,  792,  273,  739
1395,  867,  821,  793
1396,  793,  282,  743
1397,  794,  683,  321
1398,  872,  794,  321
1399,  835,  795,  110
1400,  835,  832,  795
1401, 1452,   87,  605
1402, 1271,  868,  796
1403,  843,  797,  287
1404,  797,  313,  763
1405, 1060,  830,  798
1406,  798,  337,  762
1407, 1111,  947, 1014
1408,  799,  720,  729
1409,  815,  716,  211
1410,  961,  800,  212
1411,  817,  801,  106
1412,  801,  717,  725
1413,  816,  719,  323
1414,  963,  802,  324
1415,  814,  803,  235
1416,  803,  718,  726
1417,  870,  804,  174
1418,  804,  621,  139
1419,  836,  805,  156
1420,  805,  321,  622
1421, 1467,  834,  806
1422,  806,  347,  598
1423,  839,  807,   89
1424,  807,   90,  603
1425,  840,  808,  347
1426,  808,  346,  597
1427,  831,  809,  142
1428,  809,  157,  721
1429,  810,  126,  617
1430,  810,  510,  118
1431,  837,  811,  312
1432,  811,  311,  545
1433,  838,  812,  292
1434,  812,  291,  569
1435, 1077,  346,  902
1436,  813,  345,  596
1437,  873,  814,  235
1438,  814,  236,  718
1439,  874,  815,  211
1440,  815,  212,  800
1441,  875,  816,  323
1442,  816,  324,  802
1443, 1027,  106,  966
1444,  817,  105,  717
1445,  949,  313,  843
1446,  818,  312,  546
1447,  906,  819,  291
1448,  819,  290,  558
1449,  820,  697,  513
1450,  820,  137,  737
1451,  893,  821,  283
1452,  939,  888,  821
1453,  940,  889,  822
1454,  822,  273,  792
1455,  886,  823,  269
1456,  937,  891,  823
1457,  887,  824,  278
1458,  938,  890,  824
1459,  943,  892,  825
1460,  825,  274,  788
1461, 1012,  944,  826
1462,  944,  893,  826
1463,  890,  827,  277
1464, 1009,  827,  941
1465,  891,  828,  268
1466, 1010,  828,  942
1467, 1481, 1457,  829
1468,  829,  142,  809
1469, 1013,  945,  830
1470,  945,  894,  830
1471, 1455,  142, 1454
1472, 1455, 1418, 1430
1473,  900,  832,  116
1474,  832,  117,  751
1475,  833,  157,  831
1476,  833,  156,  805
1477,  948,  896,  834
1478,  834,  347,  806
1479,  835,  116,  832
1480,  895,  835,  110
1481,  836,  321,  805
1482, 1396, 1362,  155
1483,  897,  837,  312
1484, 1015,  837,  950
1485, 1016,  838,  292
1486,  951,  898,  838
1487,  901,  839,   89
1488,  923,  839,  901
1489,  896,  840,  347
1490,  952,  902,  840
1491,  924,  841,  288
1492,  841,  287,  797
1493,  953,  903,  842
1494,  842,  197,  783
1495,  843,  313,  797
1496, 1031, 1005,  287
1497, 1025,  906,  898
1498,  957,  905,  844
1499,  958,  113,  908
1500,  845,  112,  777
1501,  959,  907,  187
1502,  846,  160,  778
1503,  847,  209,  779
1504, 1023,  964,  847
1505,  965,  910,  317
1506,  848,  151,  780
1507,  971,  904,  955
1508,  849,  195,  769
1509,  904,  850,  168
1510, 1190,  850,  904
1511, 1027,  966,  851
1512,  851,   98,  623
1513,  912,  708,  699
1514, 1320, 1157, 1221
1515,  853,  771,  125
1516,  936,  884,  853
1517, 1094,  854,  119
1518,  854,  120,  777
1519, 1093,  855,  160
1520,  855,  159,  661
1521, 1092,  856,  184
1522,  856,  183,  779
1523, 1091,  857,  151
1524,  857,  150,  663
1525,  913,  858,  334
1526,  858,  728,  781
1527,  859,  342,  532
1528,  881,  859,  534
1529,  927,  170,  769
1530,  860,  196,  783
1531,  883,  136,  789
1532,  861,  167,  784
1533, 1242,  862,  267
1534,  862,  293,  671
1535, 1241,  863,  276
1536,  863,  302,  672
1537, 1245,  864,  310
1538,  864,  284,  787
1539, 1260,  865,  301
1540,  865,  275,  788
1541,  866,  735,  274
1542,  866,  274,  822
1543,  867,  733,  283
1544,  867,  283,  821
1545, 1183, 1028,   93
1546,  868,  754,  796
1547,  923,  882,   96
1548,  869,  102,  799
1549,  922,  870,  174
1550,  870,  175,  731
1551,  914,  871,  339
1552, 1044, 1013,  338
1553, 1219,  321,  836
1554,  885,  872,  320
1555,  990,  873,  235
1556,  970,  915,  873
1557,  916,  874,  211
1558,  988,  874,  975
1559,  917,  875,  323
1560,  989,  875,  974
1561,  876,   96,  767
1562,  876,  767,   90
1563,  918,  273,  889
1564,  877,  272,  695
1565,  919,  282,  888
1566,  878,  281,  696
1567, 1004,  934,  920
1568,  879,  278,  741
1569, 1003,  933,  921
1570,  880,  269,  744
1571,  881,  335,  781
1572,  881,  534,  336
1573,  976,  882,  923
1574, 1471,  869,  882
1575,  978,  883,  789
1576, 1470,  861,  883
1577, 1056,  884,  134
1578,  884,  776,  853
1579,  979,  885,  320
1580,  885,  328,  749
1581,  937,  886,  243
1582,  921,  269,  880
1583,  938,  887,  252
1584,  920,  278,  879
1585,  888,  282,  821
1586,  931,  888,  256
1587, 1002,  918,  932
1588,  889,  273,  822
1589,  941,  890,  251
1590,  890,  277,  824
1591,  942,  891,  242
1592,  891,  268,  823
1593,  892,  274,  825
1594,  940,  892,  248
1595,  893,  283,  826
1596,  939,  893,  257
1597, 1466,  330,  480
1598,  894,  337,  830
1599, 1014,  110,  682
1600, 1280,  946,  109
1601,  896,  347,  834
1602, 1026,  952,  840
1603,  950,  897,  286
1604,  949,  897,  312
1605,  898,  291,  838
1606, 1025,  957,  844
1607,  899,  136,  674
1608,  899,  654,  667
1609,  999,  929,  900
1610,  900,  772,  117
1611,  923,  901,   95
1612,  901,   89,  680
1613,  902,  346,  840
1614, 1029,  902,  340
1615, 1018,  903,  223
1616,  903,  197,  842
1617,  955,  904,  168
1618,  904,  849,  169
1619, 1187,  956, 1020
1620,  905,  290,  844
1621,  906,  844,  819
1622,  906,  291,  898
1623,  961,  186,  800
1624, 1284,  959,  187
1625, 1021,  960,  908
1626,  908,  112,  845
1627, 1024,  962,  909
1628,  909,  209,  847
1629,  963,  316,  802
1630, 1283,  965,  317
1631, 1028,   99, 1000
1632, 1028,  911,   99
1633,  935,  172,  715
1634,  912,  198,  852
1635,  994,  928,  913
1636,  913,  341,  728
1637, 1029,  339,  768
1638, 1110,  968,  332
1639,  915,  236,  873
1640,  915,  262,  456
1641,  975,  916,  237
1642,  916,  211,  471
1643,  974,  917,  330
1644,  917,  323,  479
1645,  918,  272,  877
1646,  918,  877,  273
1647,  919,  281,  878
1648,  919,  878,  282
1649,  920,  879,  279
1650, 1004,  920,  279
1651,  921,  880,  270
1652, 1003,  921,  270
1653, 1410,  922, 1191
1654,  922,  175,  870
1655,  976,  923,   95
1656,  923,   96,  876
1657, 1063,  992,  924
1658,  992,  972,  924
1659, 1090,  925,  199
1660, 1106,  925,  200
1661,  930,  926,   93
1662, 1463,  926,  930
1663,  973,  769,  195
1664,  927,  196,  860
1665,  928,  341,  913
1666, 1043,  928,  994
1667, 1057,  983,  125
1668,  929,  772,  900
1669, 1463,  930,   94
1670, 1000,  930,   93
1671,  997,  931,  256
1672, 1001,  931,  255
1673,  998,  932,  247
1674, 1002,  932,  246
1675,  995,  933,  244
1676,  933,  243,  886
1677,  996,  934,  253
1678,  934,  252,  887
1679,  935,  715,  775
1680,  935,  775,  198
1681, 1057,  125,  772
1682,  936,  134,  884
1683, 1006,  937,  243
1684,  937,  242,  891
1685, 1007,  938,  252
1686,  938,  251,  890
1687, 1132,  939,  257
1688,  939,  256,  888
1689, 1134,  940,  248
1690,  940,  247,  889
1691, 1035,  941,  251
1692, 1009,  941,  250
1693, 1036,  942,  242
1694, 1010,  942,  241
1695, 1033,  943,  249
1696,  943,  248,  892
1697, 1034,  944,  258
1698,  944,  257,  893
1699, 1013,  830,  338
1700,  989,  974,  331
1701, 1107,  115, 1045
1702,  946,  835,  895
1703, 1111,  103,  799
1704, 1111, 1098,  947
1705,  948,  665,  728
1706,  948,  341,  896
1707,  949,  312,  818
1708,  949,  818,  313
1709,  986,  950,  286
1710, 1015,  950,  285
1711,  985,  951,  266
1712,  951,  265,  898
1713,  952,  340,  902
1714, 1026,  840,  896
1715, 1073, 1040,  222
1716,  953,  223,  903
1717,  954,  198,  775
1718,  954,  197,  903
1719, 1019,  168,  784
1720,  971,  955,  194
1721, 1030,  289,  559
1722,  956,  290,  905
1723, 1025,  980,  957
1724,  957,  264,  905
1725, 1022,  845,  120
1726, 1193,  958,  121
1727, 1109,  959,  161
1728,  959,  846,  907
1729, 1051,  960, 1021
1730,  960,  106,  801
1731, 1116,  961,  212
1732, 1116, 1095,  961
1733, 1050,  962, 1024
1734,  962,  235,  803
1735, 1115,  963,  324
1736, 1115, 1096,  963
1737, 1023,  847,  183
1738, 1192,  964,  182
1739, 1108,  965,  152
1740,  965,  848,  910
1741,  993,  966,  106
1742,  966,   99,  911
1743, 1008,   92,  463
1744,  967,   98,  911
1745, 1044,  331, 1013
1746,  968,  871,  914
1747, 1049,  340, 1043
1748, 1049, 1038,  969
1749,  992,  261,  972
1750,  970,  262,  915
1751, 1041,  971,  194
1752,  971,  849,  904
1753,  972,  287,  924
1754, 1229, 1175, 1158
1755,  973,  196,  927
1756, 1099,  195, 1041
1757,  974,  875,  917
1758,  974,  330,  945
1759,  991,  975,  237
1760,  991,  988,  975
1761,  984,  976,   95
1762,  987,  976,  984
1763, 1270, 1149, 1136
1764,  977,   95,  901
1765,  982,  978,  135
1766,  982,  981,  978
1767, 1079,  979, 1037
1768,  979,  328,  885
1769, 1059,  980,  265
1770, 1123, 1053,  980
1771, 1083,  981,  166
1772, 1470,  981, 1083
1773, 1269, 1056,  134
1774,  982,  166,  981
1775, 1159,  983, 1057
1776,  983,  134,  936
1777,  987,  984,  101
1778, 1149,   95,  977
1779, 1213, 1128,  985
1780, 1128, 1059,  985
1781, 1058,  986,  286
1782, 1222,  986, 1155
1783, 1086,  987,  101
1784, 1471,  987, 1086
1785, 1081,  988,  238
1786,  988,  212,  874
1787, 1186,  331, 1110
1788,  989,  324,  875
1789, 1261,  235, 1158
1790,  992,  990,  261
1791, 1062,  991,  237
1792, 1124,  991, 1062
1793, 1063,  924,  288
1794,  992,  262,  970
1795, 1185,  106, 1051
1796, 1129,  100, 1064
1797, 1046,  994,  334
1798, 1046, 1043,  994
1799, 1214,  995,  244
1800, 1130, 1065,  995
1801, 1215,  996,  253
1802, 1131, 1066,  996
1803, 1067,  997,  256
1804, 1217,  997, 1133
1805, 1291, 1239,  246
1806,  998,  246,  932
1807, 1107, 1045,  116
1808, 1392,  929,  999
1809, 1028, 1000,   93
1810, 1069,   99, 1064
1811, 1088, 1001,  255
1812, 1001,  281,  919
1813, 1087, 1002,  246
1814, 1002,  272,  918
1815, 1103, 1003,  270
1816, 1003,  244,  933
1817, 1104, 1004,  279
1818, 1004,  253,  934
1819, 1005,  843,  287
1820, 1005,  286,  897
1821, 1065, 1006,  243
1822, 1162, 1076, 1006
1823, 1066, 1007,  252
1824, 1161, 1075, 1007
1825, 1008,  463,  486
1826, 1008,  486,   98
1827, 1168, 1102, 1085
1828, 1009,  276,  827
1829, 1101, 1010,  241
1830, 1010,  267,  828
1831, 1085, 1011,  275
1832, 1011,  249,  943
1833, 1084, 1012,  284
1834, 1012,  258,  944
1835, 1044,  338,  871
1836, 1013,  331,  945
1837, 1014,  750,  103
1838, 1111, 1014,  103
1839, 1299, 1015,  285
1840, 1015,  311,  837
1841, 1298, 1016,  292
1842, 1016,  266,  951
1843, 1032,  196,  973
1844, 1017,  222,  953
1845, 1061, 1018,  223
1846, 1070, 1018,  224
1847, 1042, 1019,  167
1848, 1042, 1039, 1019
1849, 1020,  905,  264
1850, 1187, 1020,  263
1851, 1055, 1021,  113
1852, 1051, 1021,  107
1853, 1121,  120, 1094
1854, 1022,  121,  958
1855, 1120,  183, 1092
1856, 1023,  182,  964
1857, 1054, 1024,  208
1858, 1050, 1024,  234
1859, 1025,  898,  265
1860, 1025,  265,  980
1861, 1026,  896,  341
1862, 1026,  341,  928
1863, 1027,  851,  105
1864, 1027,  817,  106
1865, 1183,   93,  868
1866, 1028,  967,  911
1867, 1077, 1029,  768
1868, 1029,  340,  969
1869, 1030,  559,  575
1870, 1030,  575,  290
1871, 1031,  286, 1005
1872, 1031,  287,  972
1873, 1072, 1032,  973
1874, 1032,  222, 1017
1875, 1073, 1033, 1040
1876, 1033,  248,  943
1877, 1218, 1137, 1034
1878, 1137, 1074, 1034
1879, 1075, 1035,  251
1880, 1462, 1035, 1138
1881, 1076, 1036,  242
1882, 1302, 1036, 1139
1883, 1078, 1037,  320
1884, 1079, 1037,  319
1885, 1052, 1038,  333
1886, 1038,  332,  914
1887, 1080, 1039,  193
1888, 1039,  194,  955
1889, 1040,  223,  953
1890, 1040,  953,  222
1891, 1089, 1041,  194
1892, 1099, 1072,  195
1893, 1163,  167, 1083
1894, 1042,  193, 1039
1895, 1049, 1043,  333
1896, 1043,  340,  928
1897, 1044,  871,  968
1898, 1044,  968,  331
1899, 1374, 1045,  115
1900, 1392, 1045, 1374
1901, 1119, 1046,  334
1902, 1177, 1046, 1119
1903, 1350,  148, 1274
1904, 1350, 1341, 1047
1905, 1349,  129, 1273
1906, 1349, 1342, 1048
1907, 1049,  333, 1038
1908, 1049,  969,  340
1909, 1158, 1050,  234
1910, 1050,  235,  962
1911, 1185,  107, 1129
1912, 1051,  106,  960
1913, 1290,  333, 1177
1914, 1211, 1122, 1052
1915, 1053,  264,  980
1916, 1053,  238,  991
1917, 1054,  234, 1024
1918, 1125, 1054,  208
1919, 1126, 1055,  113
1920, 1251, 1181, 1055
1921, 1056,  135,  884
1922, 1269, 1100, 1056
1923, 1057,  929,  124
1924, 1159, 1057,  124
1925, 1155, 1058,  260
1926, 1058,  286, 1031
1927, 1059,  265,  985
1928, 1123, 1059,  239
1929, 1060,  752,  338
1930, 1060,  338,  830
1931, 1479, 1462,  224
1932, 1061,  224, 1018
1933, 1465,  237,  472
1934, 1124, 1062,  263
1935, 1127, 1063,  288
1936, 1063,  262,  992
1937, 1069, 1064,  100
1938, 1064,   99,  993
1939, 1065,  243,  995
1940, 1162, 1065,  217
1941, 1066,  252,  996
1942, 1161, 1066,  226
1943, 1216, 1074,  231
1944, 1133, 1067,  230
1945, 1135, 1068,  221
1946, 1134, 1068,  247
1947, 1270, 1069,  100
1948, 1069,  930, 1000
1949, 1263,  224, 1138
1950, 1070,  198,  954
1951, 1071,  972,  261
1952, 1071,  260, 1058
1953, 1072,  973,  195
1954, 1194,  221, 1154
1955, 1154, 1134, 1073
1956, 1073,  248, 1033
1957, 1216, 1132, 1074
1958, 1074,  257, 1034
1959, 1075,  251, 1007
1960, 1263, 1157,  224
1961, 1076,  242, 1006
1962, 1264, 1139,  216
1963, 1077,  768,  345
1964, 1077,  813,  346
1965, 1141, 1078,  320
1966, 1220, 1140, 1078
1967, 1156, 1079,  319
1968, 1289,  327, 1210
1969, 1184, 1080,  193
1970, 1254, 1089, 1080
1971, 1231, 1160,  239
1972, 1081,  212,  988
1973, 1153, 1082,  249
1974, 1082,  223, 1040
1975, 1142, 1083,  166
1976, 1197, 1083, 1142
1977, 1244, 1222,  259
1978, 1084,  258, 1012
1979, 1102,  276, 1009
1980, 1085,  249, 1011
1981, 1471, 1086,  102
1982, 1143, 1086,  101
1983, 1240, 1235,  271
1984, 1087,  272, 1002
1985, 1088,  281, 1001
1986, 1166, 1088,  255
1987, 1089,  194, 1080
1988, 1151, 1135,  221
1989, 1246, 1090, 1144
1990, 1090,  200,  925
1991, 1292,  151, 1112
1992, 1223, 1145, 1091
1993, 1146, 1092,  184
1994, 1224, 1223,  148
1995, 1293,  160, 1113
1996, 1225, 1147, 1093
1997, 1148, 1094,  119
1998, 1226, 1225,  129
1999, 1118, 1095,  213
2000, 1095,  187,  907
2001, 1117, 1096,  325
2002, 1096,  317,  910
2003, 1150, 1143,  101
2004, 1097,  101,  984
2005, 1114,  102, 1086
2006, 1098,  109,  895
2007, 1151, 1041, 1089
2008, 1099,  221, 1072
2009, 1152, 1142,  166
2010, 1100,  166,  982
2011, 1243, 1182,  240
2012, 1101,  267, 1010
2013, 1102, 1009,  250
2014, 1479, 1178,  250
2015, 1235, 1103, 1174
2016, 1103,  244, 1003
2017, 1234, 1104, 1173
2018, 1104,  253, 1004
2019, 1105,  104,  714
2020, 1105,  714,  103
2021, 1191, 1106,  200
2022, 1106,  174,  722
2023, 1107,  116,  835
2024, 1107,  946,  115
2025, 1199, 1112, 1108
2026, 1108,  151,  848
2027, 1200, 1113, 1109
2028, 1109,  160,  846
2029, 1122, 1110,  332
2030, 1255, 1186, 1110
2031, 1111,  799,  102
2032, 1111,  102, 1098
2033, 1274, 1112, 1199
2034, 1292, 1112,  148
2035, 1273, 1113, 1200
2036, 1293, 1113,  129
2037, 1201, 1086, 1143
2038, 1114,  109, 1098
2039, 1255,  324, 1186
2040, 1115,  325, 1096
2041, 1268,  212, 1081
2042, 1116,  213, 1095
2043, 1282, 1266,  326
2044, 1117,  317, 1096
2045, 1285, 1267,  214
2046, 1118,  187, 1095
2047, 1288, 1189, 1209
2048, 1319, 1265,  326
2049, 1120,  148, 1047
2050, 1120, 1047,  183
2051, 1121,  129, 1048
2052, 1121, 1048,  120
2053, 1255, 1122,  325
2054, 1122,  332, 1052
2055, 1160, 1123,  239
2056, 1123,  238, 1053
2057, 1124,  263, 1020
2058, 1124,  264, 1053
2059, 1192, 1125,  208
2060, 1248,  233, 1180
2061, 1193, 1126,  113
2062, 1251,  108, 1181
2063, 1127,  288,  457
2064, 1127,  457,  459
2065, 1230, 1128,  240
2066, 1128,  239, 1059
2067, 1185, 1129,  993
2068, 1278,  107, 1250
2069, 1207, 1130,  218
2070, 1130,  217, 1065
2071, 1208, 1195, 1176
2072, 1131,  226, 1066
2073, 1132,  256,  939
2074, 1132,  257, 1074
2075, 1206, 1133,  230
2076, 1217, 1133,  229
2077, 1134,  247,  940
2078, 1134,  248, 1073
2079, 1151,  221, 1099
2080, 1291,  220, 1239
2081, 1270, 1097, 1149
2082, 1136,   94,  930
2083, 1218, 1034,  258
2084, 1262, 1137,  232
2085, 1462, 1138,  224
2086, 1138, 1035, 1075
2087, 1302,  215, 1252
2088, 1139, 1036, 1076
2089, 1232, 1140,  154
2090, 1140,  319, 1037
2091, 1219,  320,  872
2092, 1396,  156, 1362
2093, 1152,  166, 1100
2094, 1197,  193, 1163
2095, 1150,  101, 1097
2096, 1201, 1143,  108
2097, 1320, 1221,  199
2098, 1246,  225, 1161
2099, 1145,  150, 1091
2100, 1145,  149,  500
2101, 1224, 1146,  149
2102, 1146,  184,  478
2103, 1147,  159, 1093
2104, 1147,  128,  490
2105, 1226, 1148,  128
2106, 1148,  119,  467
2107, 1149,  984,   95
2108, 1149,   94, 1136
2109, 1278, 1250, 1150
2110, 1250, 1181, 1212
2111, 1151, 1099, 1041
2112, 1151, 1089,  220
2113, 1281, 1152,  165
2114, 1281, 1202, 1152
2115, 1178,  249, 1085
2116, 1479,  250, 1462
2117, 1194,  222, 1032
2118, 1154, 1068, 1134
2119, 1227, 1155,  260
2120, 1222, 1155,  259
2121, 1309, 1265, 1156
2122, 1156,  327, 1079
2123, 1157,  198, 1070
2124, 1157, 1070,  224
2125, 1229, 1158,  234
2126, 1261, 1175,  261
2127, 1198, 1159,  124
2128, 1196, 1159,  133
2129, 1231,  239, 1230
2130, 1160, 1081,  238
2131, 1246,  226, 1176
2132, 1161,  225, 1075
2133, 1259, 1162,  217
2134, 1162,  216, 1076
2135, 1163,  193, 1042
2136, 1163, 1042,  167
2137, 1294, 1164,  254
2138, 1164,  253, 1104
2139, 1295, 1165,  245
2140, 1165,  244, 1103
2141, 1238,  255, 1217
2142, 1237,  254, 1234
2143, 1239, 1167,  246
2144, 1240,  245, 1235
2145, 1260, 1168,  275
2146, 1168,  276, 1102
2147, 1298, 1169,  266
2148, 1169,  267, 1101
2149, 1245, 1170,  284
2150, 1244,  285, 1222
2151, 1315, 1171,  280
2152, 1171,  281, 1088
2153, 1314, 1172,  271
2154, 1172,  272, 1087
2155, 1173,  279,  759
2156, 1234, 1173,  280
2157, 1174,  270,  757
2158, 1235, 1174,  271
2159, 1175, 1071,  261
2160, 1261,  261,  990
2161, 1208,  226, 1131
2162, 1176,  200, 1090
2163, 1290,  326, 1211
2164, 1177,  333, 1046
2165, 1178, 1085, 1102
2166, 1178, 1102,  250
2167, 1300,  259, 1277
2168, 1179,  258, 1084
2169, 1277, 1249,  233
2170, 1180,  234, 1054
2171, 1212, 1181,  108
2172, 1181,  107, 1055
2173, 1252, 1182,  241
2174, 1243,  240, 1213
2175, 1183,  868,   92
2176, 1183,   92,  967
2177, 1303,  193, 1197
2178, 1312, 1254,  219
2179, 1185,  993,  106
2180, 1185, 1051,  107
2181, 1186,  324,  989
2182, 1186,  989,  331
2183, 1205,  263,  473
2184, 1187,  289,  956
2185, 1304, 1256, 1188
2186, 1188,  175,  922
2187, 1209,  327, 1119
2188, 1189,  335,  748
2189, 1190,  169,  653
2190, 1190,  697,  850
2191, 1195, 1191,  200
2192, 1410, 1195,  201
2193, 1192,  208,  964
2194, 1257, 1192,  182
2195, 1193,  113,  958
2196, 1258, 1193,  121
2197, 1194, 1032, 1072
2198, 1194, 1072,  221
2199, 1355, 1195, 1208
2200, 1410,  201, 1188
2201, 1323, 1311,  134
2202, 1196,  134,  983
2203, 1197, 1142,  192
2204, 1303, 1253,  193
2205, 1198,  133, 1159
2206, 1279, 1198,  124
2207, 1276, 1199,  152
2208, 1276, 1274, 1199
2209, 1275, 1200,  161
2210, 1275, 1273, 1200
2211, 1318, 1280, 1201
2212, 1201,  109, 1114
2213, 1287, 1272,  191
2214, 1202,  192, 1142
2215, 1333, 1283, 1203
2216, 1203,  317, 1117
2217, 1334, 1284, 1204
2218, 1204,  187, 1118
2219, 1205,  473,  496
2220, 1205,  496,  289
2221, 1286, 1206,  230
2222, 1449, 1432,  229
2223, 1329, 1272, 1207
2224, 1287, 1207, 1272
2225, 1208, 1131,  227
2226, 1355, 1208,  227
2227, 1209, 1119,  334
2228, 1288,  334,  858
2229, 1289,  328,  979
2230, 1210,  327, 1209
2231, 1266, 1211,  326
2232, 1211,  325, 1122
2233, 1212,  108, 1143
2234, 1250, 1212, 1150
2235, 1243,  266, 1169
2236, 1213,  240, 1128
2237, 1236,  244, 1165
2238, 1214,  218, 1130
2239, 1233,  253, 1164
2240, 1215,  227, 1131
2241, 1336, 1216,  231
2242, 1216,  230, 1067
2243, 1238, 1217,  229
2244, 1217,  255,  997
2245, 1247,  258, 1179
2246, 1218,  232, 1137
2247, 1219,  872,  321
2248, 1219,  836, 1141
2249, 1313, 1220,  155
2250, 1220,  154, 1140
2251, 1221, 1144,  199
2252, 1320,  199,  852
2253, 1244,  259, 1179
2254, 1222,  285,  986
2255, 1224,  148, 1120
2256, 1223,  149, 1145
2257, 1224, 1092, 1146
2258, 1224,  149, 1223
2259, 1226,  129, 1121
2260, 1225,  128, 1147
2261, 1226, 1094, 1148
2262, 1226,  128, 1225
2263, 1229, 1227,  260
2264, 1277, 1227, 1249
2265, 1232, 1228,  319
2266, 1309,  326, 1265
2267, 1229,  260, 1175
2268, 1249,  234, 1180
2269, 1387, 1301, 1376
2270, 1310, 1231, 1230
2271, 1268,  213, 1116
2272, 1231, 1081, 1160
2273, 1232,  319, 1140
2274, 1321, 1232,  154
2275, 1294, 1233, 1164
2276, 1233,  227, 1215
2277, 1237,  280, 1171
2278, 1234,  254, 1164
2279, 1240,  271, 1172
2280, 1235,  245, 1165
2281, 1295, 1236, 1165
2282, 1236,  218, 1214
2283, 1237, 1088, 1166
2284, 1237, 1166,  254
2285, 1337, 1238,  229
2286, 1238, 1166,  255
2287, 1291,  246,  998
2288, 1312,  220, 1254
2289, 1240, 1087, 1167
2290, 1240, 1167,  245
2291, 1241,  302,  863
2292, 1241,  276, 1168
2293, 1242,  293,  862
2294, 1242,  267, 1169
2295, 1243, 1169, 1101
2296, 1243, 1101, 1182
2297, 1244, 1084, 1170
2298, 1244, 1170,  285
2299, 1245,  284,  864
2300, 1338, 1245,  310
2301, 1246, 1144,  225
2302, 1246, 1161,  226
2303, 1300, 1277,  233
2304, 1247,  232, 1218
2305, 1248, 1125,  207
2306, 1322, 1248,  207
2307, 1249, 1180,  233
2308, 1249, 1227, 1229
2309, 1278, 1150, 1097
2310, 1250,  107, 1181
2311, 1251, 1126,  114
2312, 1318, 1251,  114
2313, 1302, 1252,  241
2314, 1339, 1252,  215
2315, 1329, 1253, 1303
2316, 1253,  219, 1184
2317, 1254,  220, 1089
2318, 1254, 1080, 1184
2319, 1255, 1110, 1122
2320, 1255,  325, 1115
2321, 1340, 1256, 1304
2322, 1256,  176,  782
2323, 1341, 1305,  182
2324, 1365, 1316,  181
2325, 1342, 1306,  121
2326, 1427, 1317,  122
2327, 1287, 1259,  217
2328, 1347, 1308, 1259
2329, 1260,  275,  865
2330, 1469, 1260,  301
2331, 1261,  990,  235
2332, 1261, 1158, 1175
2333, 1361, 1343, 1262
2334, 1343, 1307, 1262
2335, 1263, 1138,  225
2336, 1263,  225, 1144
2337, 1308, 1264,  216
2338, 1453, 1264, 1344
2339, 1319,  326, 1177
2340, 1265,  327, 1156
2341, 1309, 1282,  326
2342, 1266, 1117,  325
2343, 1310, 1267,  213
2344, 1367, 1285,  214
2345, 1268, 1116,  212
2346, 1268, 1081, 1231
2347, 1323,  134, 1196
2348, 1269,  165, 1100
2349, 1270, 1136, 1069
2350, 1270,  100, 1097
2351, 1271,   92,  868
2352, 1271,   86,  453
2353, 1272,  192, 1202
2354, 1272, 1202,  191
2355, 1349,  130, 1342
2356, 1273,  129, 1113
2357, 1350,  147, 1341
2358, 1274,  148, 1112
2359, 1393, 1330,  162
2360, 1275,  130, 1273
2361, 1331, 1276,  152
2362, 1394, 1331,  153
2363, 1408,  233, 1352
2364, 1277,  259, 1227
2365, 1278,  100, 1129
2366, 1278, 1129,  107
2367, 1392, 1279,  124
2368, 1332, 1279,  123
2369, 1440, 1428,  115
2370, 1280,  115,  946
2371, 1398, 1345, 1363
2372, 1281,  191, 1202
2373, 1282,  318, 1203
2374, 1282, 1203, 1117
2375, 1359, 1333,  153
2376, 1283,  152,  965
2377, 1357, 1334,  162
2378, 1284,  161,  959
2379, 1285,  188, 1204
2380, 1285, 1204, 1118
2381, 1336, 1286,  230
2382, 1335, 1286,  204
2383, 1347, 1287,  191
2384, 1287,  217, 1207
2385, 1288,  858,  335
2386, 1288,  335, 1189
2387, 1289,  979, 1079
2388, 1289, 1079,  327
2389, 1290, 1052,  333
2390, 1290, 1177,  326
2391, 1291,  998, 1135
2392, 1291, 1135,  220
2393, 1292,  148, 1223
2394, 1292, 1091,  151
2395, 1293,  129, 1225
2396, 1293, 1093,  160
2397, 1296, 1294,  254
2398, 1414,  228, 1405
2399, 1297, 1295,  245
2400, 1390,  219, 1368
2401, 1296,  228, 1294
2402, 1296,  254, 1166
2403, 1297,  219, 1295
2404, 1297,  245, 1167
2405, 1298,  266, 1016
2406, 1468, 1298,  292
2407, 1299,  311, 1015
2408, 1299,  285, 1170
2409, 1300, 1247, 1179
2410, 1300, 1179,  259
2411, 1387, 1310, 1230
2412, 1301,  240, 1182
2413, 1302,  241, 1036
2414, 1302, 1139,  215
2415, 1303, 1197,  192
2416, 1329, 1303,  192
2417, 1327, 1304,  201
2418, 1340, 1304,  202
2419, 1372, 1305, 1341
2420, 1434, 1305, 1372
2421, 1373, 1306, 1342
2422, 1416, 1306, 1373
2423, 1395, 1336, 1307
2424, 1307,  231, 1262
2425, 1308,  216, 1259
2426, 1381, 1344,  190
2427, 1309, 1228,  318
2428, 1309,  318, 1282
2429, 1310,  213, 1231
2430, 1387, 1376, 1310
2431, 1353, 1323,  133
2432, 1311,  165, 1269
2433, 1312,  219, 1297
2434, 1312, 1239,  220
2435, 1346, 1313,  155
2436, 1464, 1313, 1425
2437, 1326, 1314,  271
2438, 1314,  705,  706
2439, 1325, 1315,  280
2440, 1315,  704,  707
2441, 1316,  207, 1125
2442, 1316, 1125, 1192
2443, 1317,  114, 1126
2444, 1317, 1126, 1193
2445, 1318,  108, 1251
2446, 1440,  114, 1428
2447, 1319, 1177, 1119
2448, 1319, 1119,  327
2449, 1320,  852,  198
2450, 1320,  198, 1157
2451, 1348, 1321,  154
2452, 1333, 1324,  153
2453, 1322,  233, 1248
2454, 1351, 1322,  207
2455, 1323, 1196,  133
2456, 1353, 1328, 1323
2457, 1324,  318, 1228
2458, 1324, 1228, 1232
2459, 1325,  704, 1315
2460, 1325,  280, 1173
2461, 1326,  705, 1314
2462, 1326,  271, 1174
2463, 1405, 1399, 1327
2464, 1327,  202, 1304
2465, 1345, 1328,  164
2466, 1328, 1311, 1323
2467, 1329,  192, 1272
2468, 1368, 1329,  218
2469, 1357,  161, 1284
2470, 1393, 1356, 1330
2471, 1359,  152, 1283
2472, 1394, 1375, 1384
2473, 1371, 1332,  123
2474, 1447,  132, 1436
2475, 1333,  318, 1324
2476, 1359,  153, 1331
2477, 1354, 1334,  188
2478, 1357,  162, 1330
2479, 1370, 1335,  204
2480, 1449,  203, 1432
2481, 1336,  230, 1216
2482, 1336,  231, 1307
2483, 1369, 1337,  229
2484, 1337,  228, 1296
2485, 1338,  310,  544
2486, 1338,  311, 1299
2487, 1367, 1339,  215
2488, 1339,  214, 1301
2489, 1472,  202, 1433
2490, 1340,  176, 1256
2491, 1372, 1341,  147
2492, 1341,  182, 1023
2493, 1373, 1342,  130
2494, 1342,  121, 1022
2495, 1361, 1262,  232
2496, 1380, 1343,  206
2497, 1453,  189, 1441
2498, 1344, 1264, 1308
2499, 1377, 1363, 1345
2500, 1398, 1363,  191
2501, 1362, 1346,  155
2502, 1418, 1362,  156
2503, 1363, 1347,  191
2504, 1347,  190, 1308
2505, 1384, 1348,  145
2506, 1384, 1375, 1348
2507, 1349, 1048,  129
2508, 1349, 1273,  130
2509, 1350, 1047,  148
2510, 1350, 1274,  147
2511, 1365,  207, 1316
2512, 1366,  206, 1361
2513, 1408,  232, 1247
2514, 1352,  233, 1322
2515, 1417,  163, 1388
2516, 1353,  164, 1328
2517, 1424, 1409, 1354
2518, 1354,  162, 1334
2519, 1405, 1355,  227
2520, 1355,  201, 1195
2521, 1382, 1373,  130
2522, 1356, 1275, 1330
2523, 1357, 1330,  161
2524, 1357, 1284, 1334
2525, 1383, 1372,  147
2526, 1358, 1276, 1331
2527, 1359, 1331,  152
2528, 1359, 1283, 1333
2529, 1395, 1389, 1360
2530, 1360,  204, 1286
2531, 1366,  232, 1352
2532, 1361,  206, 1343
2533, 1396,  155, 1141
2534, 1418, 1397, 1362
2535, 1398,  191, 1281
2536, 1377, 1345,  164
2537, 1364,  145, 1348
2538, 1364,  154, 1313
2539, 1412, 1365,  181
2540, 1412, 1407, 1365
2541, 1366, 1352, 1322
2542, 1366, 1351,  206
2543, 1441, 1367,  215
2544, 1450, 1285, 1367
2545, 1390,  218, 1236
2546, 1368,  219, 1253
2547, 1432, 1369,  229
2548, 1419, 1399, 1369
2549, 1400, 1370,  204
2550, 1459, 1370, 1420
2551, 1401, 1386, 1371
2552, 1371,  132, 1332
2553, 1383,  147, 1276
2554, 1434, 1372, 1383
2555, 1382,  130, 1275
2556, 1416, 1373, 1382
2557, 1402, 1374,  115
2558, 1374,  123, 1279
2559, 1394,  146, 1358
2560, 1375,  153, 1321
2561, 1376, 1301,  214
2562, 1376,  214, 1267
2563, 1403, 1377,  164
2564, 1377,  190, 1363
2565, 1434, 1385, 1378
2566, 1378,  181, 1257
2567, 1416, 1386, 1379
2568, 1379,  122, 1258
2569, 1431, 1421, 1380
2570, 1421, 1404, 1380
2571, 1403,  190, 1377
2572, 1413, 1381, 1403
2573, 1382, 1356,  131
2574, 1416, 1382,  131
2575, 1383, 1358,  146
2576, 1434, 1383,  146
2577, 1422, 1385,  146
2578, 1394, 1384,  146
2579, 1385,  181, 1378
2580, 1422,  146, 1384
2581, 1386,  122, 1379
2582, 1406, 1386,  131
2583, 1387, 1230,  240
2584, 1387,  240, 1301
2585, 1413, 1403, 1388
2586, 1388,  164, 1353
2587, 1438,  205, 1404
2588, 1426, 1400, 1389
2589, 1390, 1236, 1295
2590, 1390, 1295,  219
2591, 1450, 1391,  188
2592, 1424, 1413,  163
2593, 1392,  124,  929
2594, 1392,  999, 1045
2595, 1411,  162, 1409
2596, 1393,  131, 1356
2597, 1394, 1358, 1331
2598, 1394,  153, 1375
2599, 1395, 1307,  205
2600, 1395,  205, 1389
2601, 1396, 1141,  836
2602, 1396,  836,  156
2603, 1445, 1397,  143
2604, 1397, 1346, 1362
2605, 1398, 1281,  165
2606, 1398,  165, 1345
2607, 1399,  228, 1369
2608, 1399,  202, 1327
2609, 1400,  204, 1389
2610, 1443, 1420,  178
2611, 1402, 1401,  123
2612, 1401,  122, 1386
2613, 1402,  123, 1374
2614, 1428, 1402,  115
2615, 1403, 1381,  190
2616, 1403,  164, 1388
2617, 1438, 1426, 1389
2618, 1404,  205, 1380
2619, 1405, 1327, 1355
2620, 1414,  227, 1233
2621, 1439, 1409,  163
2622, 1406,  132, 1371
2623, 1431,  180, 1421
2624, 1407,  206, 1351
2625, 1408, 1247, 1300
2626, 1408, 1300,  233
2627, 1439, 1423, 1411
2628, 1409,  162, 1354
2629, 1410, 1188,  922
2630, 1410, 1191, 1195
2631, 1437, 1423, 1406
2632, 1437, 1393, 1411
2633, 1415,  181, 1385
2634, 1431, 1412,  180
2635, 1424,  163, 1409
2636, 1413,  189, 1381
2637, 1414, 1233, 1294
2638, 1414, 1294,  228
2639, 1422, 1415, 1385
2640, 1415,  180, 1412
2641, 1416,  131, 1386
2642, 1416, 1379, 1306
2643, 1436, 1353,  133
2644, 1423, 1417,  132
2645, 1430, 1418,  156
2646, 1418,  143, 1397
2647, 1433, 1419,  203
2648, 1419,  202, 1399
2649, 1459, 1420,  177
2650, 1420, 1370, 1400
2651, 1431, 1380,  206
2652, 1451,  180, 1442
2653, 1422, 1384,  145
2654, 1442, 1422,  145
2655, 1439, 1417, 1423
2656, 1423,  132, 1406
2657, 1424, 1391,  189
2658, 1424,  189, 1413
2659, 1429, 1425,  144
2660, 1464, 1425, 1429
2661, 1438, 1435, 1426
2662, 1426,  178, 1400
2663, 1427,  114, 1317
2664, 1427, 1401, 1402
2665, 1440,  115, 1280
2666, 1428,  114, 1427
2667, 1451, 1444,  180
2668, 1464, 1429,  145
2669, 1430,  156,  833
2670, 1455, 1454,  143
2671, 1431,  206, 1407
2672, 1431, 1407, 1412
2673, 1449,  229, 1206
2674, 1432,  203, 1419
2675, 1478,  203, 1459
2676, 1472, 1340,  202
2677, 1434,  146, 1385
2678, 1434, 1378, 1305
2679, 1435,  178, 1426
2680, 1446, 1445, 1435
2681, 1447,  133, 1198
2682, 1436,  132, 1417
2683, 1437,  131, 1393
2684, 1437, 1411, 1423
2685, 1438, 1404,  179
2686, 1438,  179, 1435
2687, 1439, 1411, 1409
2688, 1439,  163, 1417
2689, 1440, 1280, 1318
2690, 1440, 1318,  114
2691, 1453, 1441,  215
2692, 1441,  189, 1391
2693, 1451,  145, 1429
2694, 1442,  180, 1415
2695, 1443,  177, 1420
2696, 1448, 1443,  178
2697, 1444,  179, 1421
2698, 1444, 1421,  180
2699, 1445,  144, 1397
2700, 1448, 1445,  143
2701, 1446,  144, 1445
2702, 1446,  179, 1444
2703, 1447, 1198, 1332
2704, 1447, 1332,  132
2705, 1454, 1448,  143
2706, 1448,  178, 1435
2707, 1449, 1206, 1335
2708, 1449, 1335,  203
2709, 1450,  188, 1285
2710, 1450, 1367, 1441
2711, 1451, 1442,  145
2712, 1451, 1429, 1444
2713, 1452,  605,  606
2714, 1452,  606,   86
2715, 1453,  215, 1264
2716, 1453, 1344,  189
2717, 1455,  143, 1418
2718, 1456, 1454,  142
2719, 1455, 1430,  831
2720, 1455,  831,  142
2721, 1457,  142,  829
2722, 1456,  177, 1443
2723, 1481, 1458, 1457
2724, 1457,  177, 1456
2725, 1458,  141,  668
2726, 1473, 1458,  176
2727, 1478, 1459,  177
2728, 1459,  203, 1370
2729, 1460,  303,  635
2730, 1474, 1460,  676
2731, 1461,  294,  642
2732, 1475, 1461,  679
2733, 1479,  224, 1061
2734, 1462,  250, 1035
2735, 1463,   94,  745
2736, 1463,  745,  689
2737, 1464,  145, 1364
2738, 1464, 1364, 1313
2739, 1465,  472,  495
2740, 1465,  495,  263
2741, 1466,  480,  505
2742, 1466,  505,  337
2743, 1467,  348,  658
2744, 1467,  665,  834
2745, 1468,  292,  578
2746, 1468,  293, 1242
2747, 1469,  301,  588
2748, 1469,  302, 1241
2749, 1470,  167,  861
2750, 1470,  883,  981
2751, 1471,  102,  869
2752, 1471,  882,  987
2753, 1478, 1473, 1472
2754, 1472,  176, 1340
2755, 1473,  176, 1472
2756, 1473,  177, 1457
2757, 1474,  277,  736
2758, 1474,  736, 1460
2759, 1475,  268,  734
2760, 1475,  734, 1461
2761, 1476,  469,  627
2762, 1476,  159,  491
2763, 1477,  476,  628
2764, 1477,  150,  501
2765, 1478, 1433,  203
2766, 1478,  177, 1473
2767, 1479, 1061, 1153
2768, 1479, 1153, 1178
2769, 1480,  620,  668
2770, 1480,  141,  660
2771, 1481,  829,  141
2772, 1481,  141, 1458
