    1,   85.7142868,         200.
      2,   64.2857132,         200.
      3,          50.,         200.
      4,   35.7142868,         200.
      5,   14.2857141,         200.
      6,         100.,         200.
      7,           0.,         200.
      8,           0.,   186.206894
      9,           0.,   172.413788
     10,           0.,   158.620697
     11,           0.,   144.827591
     12,           0.,   131.034485
     13,           0.,   117.241379
     14,           0.,   103.448273
     15,           0.,   82.7586212
     16,           0.,   68.9655151
     17,           0.,   55.1724129
     18,           0.,   41.3793106
     19,           0.,   27.5862064
     20,           0.,   13.7931032
     21,           0.,           0.
     22,   14.0350876,           0.
     23,   28.0701752,           0.
     24,   42.1052628,           0.
     25,   56.1403503,           0.
     26,   70.1754379,           0.
     27,   84.2105255,           0.
     28,   98.2456131,           0.
     29,   112.280701,           0.
     30,   126.315788,           0.
     31,   140.350876,           0.
     32,   154.385971,           0.
     33,   168.421051,           0.
     34,   182.456146,           0.
     35,   203.508774,           0.
     36,   217.543854,           0.
     37,   231.578949,           0.
     38,   245.614029,           0.
     39,   259.649109,           0.
     40,   273.684204,           0.
     41,   287.719299,           0.
     42,   301.754395,           0.
     43,   315.789459,           0.
     44,   329.824554,           0.
     45,    343.85965,           0.
     46,   357.894745,           0.
     47,    371.92981,           0.
     48,   385.964905,           0.
     49,         400.,           0.
     50,         400.,   13.7931032
     51,         400.,   27.5862064
     52,         400.,   41.3793106
     53,         400.,   55.1724129
     54,         400.,   68.9655151
     55,         400.,   82.7586212
     56,         400.,   96.5517273
     57,         400.,   117.241379
     58,         400.,   131.034485
     59,         400.,   144.827591
     60,         400.,   158.620697
     61,         400.,   172.413788
     62,         400.,   186.206894
     63,         400.,         200.
     64,   385.714294,         200.
     65,   364.285706,         200.
     66,         350.,         200.
     67,   335.714294,         200.
     68,   314.285706,         200.
     69,         300.,         200.
     70,    209.93602,    100.49485
     71,    223.73584,   102.857788
     72,   243.481003,   109.947777
     73,   261.312408,   121.001328
     74,   271.744659,   130.338669
     75,   284.699768,   146.840332
     76,    293.92688,   165.681778
     77,   297.799316,   179.136246
     78,   188.956848,   100.611626
     79,   102.167641,   179.291809
     80,   108.576584,   159.481369
     81,    118.94899,   141.427536
     82,    132.83519,   125.912971
     83,   149.633163,   113.610291
     84,   168.614685,   105.052849
     85,   103.668159,   143.190384
     86,   14.3984308,   187.682037
     87,   28.5830994,   186.920593
     88,    43.295578,   186.665314
     89,   57.6555862,   186.764038
     90,   71.7166977,   186.294586
     91,   87.7893448,   186.772079
     92,   14.2308931,   171.035675
     93,   28.2120056,   171.083221
     94,   43.8308372,   172.008926
     95,   57.5113831,   171.021194
     96,   74.9597702,   172.736206
     97,   88.8958359,   171.547012
     98,   13.3862877,   158.073334
     99,   30.2198162,   158.164154
    100,   42.8122711,   156.769318
    101,   58.8226891,   156.578064
    102,   75.6776276,   155.850143
    103,   89.9108124,   156.673737
    104,   103.189804,   157.683609
    105,    14.197463,   144.012222
    106,   29.0518665,   143.174667
    107,   43.5601501,   143.411865
    108,   58.6190643,   142.366257
    109,   74.9057236,   142.924118
    110,   88.4444199,   143.138428
    111,   14.3983364,   128.329178
    112,   28.9148655,   128.589172
    113,    43.961937,   128.568558
    114,    60.697876,   128.758957
    115,   75.1766357,   128.415909
    116,   88.7200623,   129.075089
    117,   102.177467,   129.223633
    118,   119.962509,   128.340927
    119,   14.7409506,    116.34124
    120,   28.1742592,   114.734566
    121,   44.7937508,   115.371902
    122,   59.1504669,   115.201874
    123,    74.730835,   114.103783
    124,   89.4236984,   113.943245
    125,   104.488625,   114.717972
    126,   117.283051,   115.103546
    127,   133.674469,   114.849525
    128,    12.322113,   99.9937439
    129,   29.6294155,   99.6711578
    130,   43.8151054,   100.675186
    131,   58.1396141,   99.3169327
    132,   75.1657715,   100.696274
    133,   88.4675522,   101.350075
    134,   102.929665,    100.10685
    135,   117.960182,   101.621902
    136,   133.706833,   101.292747
    137,   148.208649,    100.37928
    138,    163.34639,   100.128426
    139,   237.046234,   100.340027
    140,   250.528946,   100.324097
    141,   266.607819,   102.109116
    142,   282.869202,   101.524452
    143,   297.118652,   100.340172
    144,   310.274475,   100.497223
    145,   326.584167,   100.797775
    146,   341.965515,   100.202194
    147,   356.192627,   99.2841339
    148,   370.369263,   100.327827
    149,   387.677948,   100.006325
    150,   385.343628,   116.324188
    151,    372.03598,   115.019218
    152,   355.120972,   115.152565
    153,   341.311951,   115.526093
    154,   324.685944,   114.838837
    155,   310.637665,   115.451073
    156,   296.957642,   115.412155
    157,   281.743927,    115.81485
    158,   266.506989,   115.049736
    159,   14.6563387,   83.6759262
    160,   27.9619179,   84.9827957
    161,   44.8144569,   84.8971558
    162,   58.5399437,   84.7176208
    163,   73.9537354,   84.7639313
    164,   89.2468262,   85.0602722
    165,   105.291855,   85.3488922
    166,   118.479988,   86.5749969
    167,    134.40416,   85.4744186
    168,   147.933563,   86.7561035
    169,   162.946289,   85.2136612
    170,   177.187683,    84.395668
    171,   191.927551,    85.963768
    172,   205.570282,   85.6668015
    173,   222.388031,   85.2900391
    174,   236.852753,   86.2305069
    175,    251.00296,   85.6736984
    176,   264.738403,   84.9181213
    177,      281.862,   86.3191376
    178,   296.026123,   85.1281357
    179,   311.921417,   85.2362137
    180,   325.422668,   86.9060364
    181,   339.843781,   84.2806931
    182,   355.173126,   84.5153198
    183,     371.8284,   85.2674789
    184,   385.262543,   83.6628647
    185,   14.2890463,   71.7556534
    186,   28.8404617,   71.3923111
    187,   43.9483757,   71.3427048
    188,    59.235466,   71.6397476
    189,   75.0110779,   71.6333847
    190,   89.1320953,   72.8212967
    191,   104.613472,   72.9800339
    192,   119.127693,   72.2338715
    193,   133.324982,   72.3282318
    194,   148.493866,   72.1786804
    195,   162.722305,   72.2409515
    196,   179.293961,    71.418808
    197,   192.612427,   71.7906113
    198,    207.22789,   72.6972504
    199,    221.18515,   71.6276779
    200,   235.582672,   72.2560272
    201,   251.181839,   71.8287354
    202,   265.611267,   72.6024475
    203,   280.788116,   71.4109192
    204,    295.43457,   71.0878372
    205,   310.840668,      72.5597
    206,   325.598419,    70.684639
    207,   341.080933,   70.6917114
    208,   356.115631,   71.5073395
    209,   371.120636,   71.4202957
    210,   385.670898,   71.7389984
    211,   13.4574633,   57.1779442
    212,    28.815134,   56.7574158
    213,   43.3860855,   57.7048607
    214,   59.2360039,   56.7109871
    215,   73.4180756,   57.2765236
    216,   89.3895874,   56.9820366
    217,     103.7369,   56.9378738
    218,   118.561684,   55.5648918
    219,   133.005417,   57.0686531
    220,   148.464584,   56.2843323
    221,   163.672089,   58.5383911
    222,   177.945328,    58.483799
    223,    192.14917,   57.3858109
    224,   207.457306,   57.1258774
    225,   222.659348,   57.1156425
    226,   236.371506,   57.2795753
    227,   251.181183,   55.9370308
    228,   265.866486,   55.9584007
    229,   281.135315,   57.0464249
    230,   296.388947,   57.1844597
    231,   310.674896,    57.103611
    232,   326.198212,   56.5492287
    233,   341.185486,   56.5588493
    234,   356.106903,   57.9341431
    235,   371.228455,    56.558075
    236,   386.481049,   57.2394791
    237,   13.6172619,   41.2139511
    238,    30.672287,    42.565918
    239,   42.9194832,   41.7909813
    240,   57.0102005,   42.0590363
    241,    75.236763,   42.3973122
    242,   89.6898499,   42.4826775
    243,   103.286827,   42.6260643
    244,   117.023766,   42.4964294
    245,   133.194626,   42.4254036
    246,   149.650162,   42.5651245
    247,   163.494781,   42.7343521
    248,   177.301224,   42.6250458
    249,   191.941711,   42.2771263
    250,   208.865112,   42.3652954
    251,   223.028946,    42.560585
    252,   236.574448,   42.6833076
    253,   250.289627,   42.5477104
    254,   266.395752,   42.3399124
    255,   282.810211,    42.556778
    256,   296.571625,   42.6170654
    257,   310.199158,   42.4312782
    258,   324.602356,   42.2889671
    259,   342.194916,   42.2973633
    260,   356.198212,   42.5466194
    261,   369.390869,   43.1630211
    262,   385.967133,   42.5395203
    263,   14.1323853,   27.8512669
    264,   28.4190025,   27.9688454
    265,   43.7606659,   27.7526245
    266,   57.6400948,   28.4109039
    267,     75.58181,   28.5234509
    268,   89.4717407,   28.0625858
    269,   104.321426,   28.8717308
    270,   116.699883,   28.9674358
    271,   132.401886,    29.573513
    272,    150.11618,   28.4378624
    273,   162.355637,   28.7252445
    274,    177.18895,   27.9212952
    275,   191.170227,   28.5065365
    276,   208.965225,    28.572855
    277,   222.806854,   28.0699177
    278,   237.654266,   28.8720264
    279,   250.032364,   28.9698257
    280,    265.72641,   29.5698376
    281,   283.441071,   28.4371777
    282,   295.681854,   28.7240486
    283,    310.49881,   27.9269886
    284,   324.420685,   28.5292625
    285,   342.339691,   28.4879398
    286,    356.46524,    28.085844
    287,   370.744415,   26.9564304
    288,    385.89682,    27.623003
    289,   14.2834387,   13.6307898
    290,   28.2701168,   13.4950008
    291,   43.6287041,   13.3645563
    292,    58.089798,   13.3569298
    293,   75.2283173,   13.3924961
    294,   89.7159271,   13.5115538
    295,   105.453575,   14.2773085
    296,   120.497482,    13.789588
    297,   133.628876,   11.8839455
    298,   146.724228,   13.7090082
    299,   161.277023,   14.1800489
    300,   176.950775,   13.4109344
    301,     191.4552,   13.3587103
    302,   208.577805,   13.3938446
    303,   223.050308,   13.5110292
    304,   238.786911,   14.2773085
    305,   253.830811,    13.789588
    306,   266.962219,   11.8839455
    307,   280.057556,   13.7090092
    308,   294.610413,   14.1803474
    309,   310.283173,   13.4312925
    310,    324.78302,   13.4552917
    311,   341.973999,    13.406867
    312,    356.82428,   12.9360685
    313,   369.993164,   13.5561962
    314,   386.574097,   13.2279406
    315,    385.70993,   128.248245
    316,   371.115234,   128.635468
    317,   355.946289,   128.683411
    318,   340.714264,   128.977997
    319,   325.270844,   128.755844
    320,   309.722534,   128.958084
    321,   296.722473,   129.096207
    322,   279.599823,   128.206726
    323,   386.405487,    142.88385
    324,   371.029083,   143.328934
    325,   355.837433,   142.085815
    326,   340.517731,   143.184952
    327,   325.179962,   142.842407
    328,   311.042908,   141.270187
    329,   295.940613,   141.668823
    330,   386.318878,   159.399002
    331,   370.576935,   157.985474
    332,   355.758759,   157.413803
    333,   341.778351,    157.05687
    334,   324.938446,   157.625076
    335,   311.713013,   157.896713
    336,   297.210297,   158.404755
    337,    386.64444,   171.262115
    338,   369.659485,    172.38475
    339,   355.242798,   171.496368
    340,     341.2034,   170.048935
    341,    325.90744,   172.102859
    342,   311.255615,   171.729889
    343,   385.877014,   187.196228
    344,    371.87854,   186.188187
    345,   355.696869,   186.399857
    346,   341.993591,   186.470673
    347,   327.616302,   186.079636
    348,    311.58551,   186.308731
    349,   92.8571396,         200.
    350,   78.5714264,         200.
    351,   71.4285736,         200.
    352,   57.1428566,         200.
    353,   42.8571434,         200.
    354,   28.5714283,         200.
    355,   21.4285717,         200.
    356,   7.14285707,         200.
    357,           0.,   193.103455
    358,           0.,   179.310349
    359,           0.,   165.517242
    360,           0.,   151.724136
    361,           0.,    137.93103
    362,           0.,   124.137932
    363,           0.,   110.344826
    364,           0.,   96.5517273
    365,           0.,   89.6551743
    366,           0.,   75.8620682
    367,           0.,   62.0689659
    368,           0.,   48.2758636
    369,           0.,   34.4827576
    370,           0.,   20.6896553
    371,           0.,   6.89655161
    372,   7.01754379,           0.
    373,   21.0526314,           0.
    374,    35.087719,           0.
    375,   49.1228065,           0.
    376,   63.1578941,           0.
    377,   77.1929855,           0.
    378,   91.2280731,           0.
    379,   105.263161,           0.
    380,   119.298248,           0.
    381,   133.333328,           0.
    382,   147.368423,           0.
    383,   161.403503,           0.
    384,   175.438599,           0.
    385,   189.473679,           0.
    386,   196.491226,           0.
    387,   210.526321,           0.
    388,   224.561401,           0.
    389,   238.596497,           0.
    390,   252.631577,           0.
    391,   266.666656,           0.
    392,   280.701752,           0.
    393,   294.736847,           0.
    394,   308.771942,           0.
    395,   322.807007,           0.
    396,   336.842102,           0.
    397,   350.877197,           0.
    398,   364.912292,           0.
    399,   378.947357,           0.
    400,   392.982452,           0.
    401,         400.,   6.89655161
    402,         400.,   20.6896553
    403,         400.,   34.4827576
    404,         400.,   48.2758636
    405,         400.,   62.0689659
    406,         400.,   75.8620682
    407,         400.,   89.6551743
    408,         400.,   103.448273
    409,         400.,   110.344826
    410,         400.,   124.137932
    411,         400.,    137.93103
    412,         400.,   151.724136
    413,         400.,   165.517242
    414,         400.,   179.310349
    415,         400.,   193.103455
    416,   392.857147,         200.
    417,   378.571442,         200.
    418,   371.428558,         200.
    419,   357.142853,         200.
    420,   342.857147,         200.
    421,   328.571442,         200.
    422,   321.428558,         200.
    423,   307.142853,         200.
    424,   195.941452,    100.08239
    425,   202.945969,   100.043404
    426,   216.877335,   101.434509
    427,   230.477875,   104.757683
    428,   237.070389,   107.124886
    429,   249.678284,   113.212509
    430,   255.631821,   116.903061
    431,   266.692139,   125.487198
    432,    276.44519,   135.531921
    433,    280.77063,   141.041489
    434,   288.213318,   152.900009
    435,   291.294067,   159.190781
    436,   296.098846,   172.341156
    437,   299.019897,   186.033691
    438,   299.754669,    192.99968
    439,   100.241623,   193.052551
    440,    100.96534,   186.138687
    441,    103.84272,   172.544998
    442,   105.982483,   165.930862
    443,   111.612495,   153.227692
    444,   115.075546,   147.200027
    445,   123.214119,    135.93808
    446,   127.850319,   130.758224
    447,   138.144623,   121.425751
    448,   143.752991,   117.318237
    449,   155.756744,   110.319824
    450,   162.094116,   107.462738
    451,   175.286926,   103.101784
    452,   182.078583,   101.618996
    453,   7.03952742,   183.140976
    454,   6.41854763,   148.012177
    455,     393.8992,   59.1440468
    456,   393.058441,   45.2862396
    457,   393.493866,   30.7063751
    458,   393.546539,   23.9991226
    459,   392.364319,   37.5486603
    460,   393.347839,   52.4415283
    461,   393.577301,   9.45782661
    462,   393.658997,    16.930933
    463,   6.52658176,   168.524673
    464,   6.31132984,   154.920334
    465,   6.21737719,   141.213623
    466,   6.99527454,   127.731445
    467,   7.24736309,   113.901421
    468,   5.00415611,    100.01046
    469,   5.94687033,   79.4149933
    470,   5.75001478,   65.3718338
    471,   6.55533504,   52.3310738
    472,   6.31617451,   37.9839172
    473,   6.40948677,   24.1646976
    474,   6.61323452,    9.5461731
    475,    394.99585,   99.9895554
    476,   394.053131,   120.585007
    477,   394.248901,   134.630524
    478,   392.753662,   86.0997238
    479,    393.35257,   147.753601
    480,   393.750092,   162.100784
    481,   393.398346,   175.578812
    482,   393.332855,   190.618698
    483,   393.035278,   72.3081436
    484,   6.77869415,   190.770569
    485,   6.99129534,   175.619339
    486,   6.31339407,   161.738586
    487,   5.84177732,   134.745712
    488,   5.98722267,   120.604538
    489,    6.3799963,   106.039452
    490,   6.35777092,   93.9812088
    491,   7.20920515,   86.1076584
    492,   6.93415594,   72.3261337
    493,   6.05993509,   59.1292877
    494,   6.61238956,   45.0642242
    495,   6.37057734,   31.1198311
    496,    6.4788475,   17.0854397
    497,   394.232239,   65.4008865
    498,   394.019409,   79.4038544
    499,   393.620209,   93.9607925
    500,   393.642242,   106.018806
    501,   392.790802,   113.892365
    502,   393.065552,   127.674759
    503,   393.901276,   140.896515
    504,    393.30542,   155.119125
    505,   393.789124,   168.703354
    506,   393.206726,   182.963974
    507,   143.775101,   110.886681
    508,   149.354507,   107.039368
    509,   95.1604385,   182.546158
    510,   126.473007,    123.75927
    511,   115.385597,   135.454269
    512,   111.367149,   142.018768
    513,   155.636322,   102.432175
    514,   96.1254654,   174.136673
    515,   99.6834793,   166.614426
    516,   107.522049,   148.923721
    517,   131.412506,   120.400955
    518,   94.3005219,   190.430801
    519,   170.524796,   98.2325287
    520,   177.509933,    96.946785
    521,   184.246872,   95.4911499
    522,    191.82724,   93.4712448
    523,   214.272781,   94.7568588
    524,   229.589325,   96.8058014
    525,   287.941193,     141.0271
    526,   304.808563,   188.152985
    527,   256.539185,   109.797562
    528,   243.693787,   103.509178
    529,   290.678253,   146.397766
    530,   199.295364,   94.1714706
    531,   249.893997,    106.76722
    532,   303.882416,   173.924423
    533,   206.510056,   93.1523666
    534,   300.509888,   166.542587
    535,   304.590515,   182.011002
    536,   221.450104,   95.9612961
    537,   284.089569,   134.999619
    538,   130.054886,   5.91094398
    539,   263.388214,   5.91094398
    540,   276.982147,   6.24380636
    541,   291.180481,   6.51482534
    542,   305.809998,   6.53002167
    543,   319.864014,   6.12089968
    544,   333.354065,   7.65950298
    545,    346.85791,   6.07616138
    546,   360.808868,   6.09087992
    547,    374.83371,   6.60489511
    548,   388.254303,   5.83645535
    549,    270.16098,   5.90052843
    550,   284.018158,   6.40641546
    551,   298.463013,   6.69218445
    552,    312.89325,   6.26126099
    553,   326.126526,   5.44713879
    554,   340.577545,   5.42850637
    555,   353.869995,    6.0808959
    556,   367.686523,   6.24431849
    557,     382.1409,   6.49966908
    558,   31.9102268,   6.49027967
    559,   17.9080429,   6.18775415
    560,   11.9714699,    5.8729434
    561,   157.847137,   6.51473665
    562,   172.476562,   6.52282858
    563,   143.648819,   6.24380636
    564,    116.10099,   6.42035198
    565,    101.54351,   6.71151066
    566,   87.1149292,   6.25733519
    567,   73.8867874,   5.43484926
    568,   59.4400139,   5.42709827
    569,    46.222126,    6.2187748
    570,   186.530945,   6.07798052
    571,   207.227737,   5.43425083
    572,   220.449646,   6.25668192
    573,   234.876846,   6.71151018
    574,   249.434326,   6.42035151
    575,   24.7665367,   6.25950861
    576,   39.1766243,   6.47803164
    577,   53.1948357,   6.07018137
    578,   66.6622162,   7.59890127
    579,   80.1345062,   6.08849239
    580,   94.1917648,   6.59183311
    581,   108.877472,   6.56620646
    582,   123.238571,   6.23257589
    583,   136.827652,   5.90052843
    584,    150.68483,   6.40640068
    585,   165.129608,   6.69069242
    586,   179.560013,   6.23915386
    587,   192.792816,   5.42033243
    588,   200.011505,   7.59950686
    589,   213.472641,   6.08820629
    590,   227.525497,   6.59163666
    591,     242.2108,   6.56620646
    592,   256.571899,   6.23257589
    593,   309.049469,   193.478043
    594,   387.970642,   194.336823
    595,   375.071442,   193.646729
    596,   353.018097,   193.670471
    597,   338.888428,   193.674454
    598,   324.272064,   193.346039
    599,   12.1395292,   194.528381
    600,   32.1818275,   193.846054
    601,   82.7288437,     193.5177
    602,   75.4237671,   193.384888
    603,    68.083847,   193.641098
    604,   39.4071693,   193.777161
    605,    25.052803,     194.0121
    606,   18.1274986,    194.22319
    607,   46.6103172,   193.783188
    608,   53.7851372,   193.798492
    609,   60.9447403,   193.779449
    610,   88.6780243,   194.144119
    611,   331.680359,   193.560425
    612,    345.97171,   193.712173
    613,   360.245209,   193.404739
    614,    381.99585,   193.932343
    615,   367.754883,   193.364853
    616,   316.692841,   193.349915
    617,   125.935272,   116.065231
    618,   296.731628,   149.802719
    619,   100.098709,   150.260208
    620,    255.20224,   103.915398
    621,   243.952423,   96.6851654
    622,   288.272583,   128.711853
    623,   11.6841393,   151.292313
    624,   388.295959,   20.3636055
    625,   11.7047844,    122.32238
    626,   388.315521,   77.7001724
    627,   11.6355028,   77.7180405
    628,   388.364258,   122.282768
    629,   139.360947,   114.545403
    630,   107.234619,   136.065369
    631,   260.755981,   114.375603
    632,   302.592712,   13.0522165
    633,   316.962158,    11.404665
    634,   216.380402,   11.4097662
    635,   230.747604,   13.1659012
    636,   246.144257,   12.1919651
    637,   273.231537,    11.238183
    638,   287.412292,   12.1180372
    639,   260.670074,   11.1918125
    640,   127.336731,   11.1918125
    641,   83.0417786,    11.410099
    642,   97.4140167,   13.1660309
    643,   112.810921,   12.1919651
    644,   183.631439,   11.3595476
    645,   139.898209,   11.2381821
    646,   169.259491,    13.046669
    647,   154.078949,   12.1179571
    648,   111.141098,   128.979599
    649,      378.763,   188.479141
    650,   35.9184875,   188.518219
    651,   50.4344864,   188.645813
    652,   363.718506,   186.878448
    653,   165.187027,    92.393158
    654,   143.117737,   104.618187
    655,   89.1331482,   178.696304
    656,   185.088654,   88.7871323
    657,   218.714279,   89.5626984
    658,   310.589935,   178.660568
    659,   173.201935,    91.691185
    660,   263.563538,   109.155846
    661,   18.0643711,   77.4444809
    662,   18.1580696,   122.588844
    663,   381.934875,    122.55851
    664,   381.869934,   77.4374771
    665,   316.542053,   176.327881
    666,   82.7713547,   175.567001
    667,   137.462967,   108.254967
    668,   258.492035,   98.1528244
    669,   185.605484,   81.8541031
    670,   317.085907,   17.6125946
    671,   82.9150162,   17.6579571
    672,   216.255417,   17.6587677
    673,    183.76149,   17.5630951
    674,   141.048752,   98.0561752
    675,   129.773544,   108.537521
    676,   232.907486,   19.5637493
    677,   167.104431,   19.3958073
    678,   300.437561,    19.397831
    679,   99.5740814,   19.5637875
    680,   50.7112732,   182.354675
    681,   303.982483,   145.835846
    682,    95.464859,   144.813614
    683,   291.824677,   135.142868
    684,   11.0131321,    132.79007
    685,   10.8550806,   67.3782349
    686,   389.114563,   67.3810425
    687,   389.143127,   132.627243
    688,   366.586365,   180.275742
    689,   36.0539169,   181.436325
    690,   284.990326,   122.099777
    691,   268.329834,   120.348755
    692,   114.602295,   122.227013
    693,   113.269974,   20.0969486
    694,    246.60318,     20.09729
    695,   153.790085,   19.8209095
    696,   287.122223,    19.820879
    697,   158.164993,   95.2978058
    698,   225.451172,   90.2630615
    699,   211.986832,   87.8708267
    700,   379.024994,   181.536728
    701,    381.90509,   19.9706764
    702,   93.7244949,    167.71608
    703,   196.709503,   89.2281036
    704,   262.609558,   18.0559139
    705,   129.276352,   18.0558872
    706,   138.579666,   18.2863331
    707,   271.912506,    18.286314
    708,   216.752884,   83.2286911
    709,   10.8516989,   137.641281
    710,   10.5655766,   62.7682724
    711,   389.397797,   62.7893295
    712,   389.397888,   137.253662
    713,   201.405502,   89.1302795
    714,   95.2832565,   161.490524
    715,   198.774597,   83.4758453
    716,   16.6406841,   64.9217758
    717,   16.9563694,   135.372498
    718,   383.319519,   64.9133148
    719,   383.322998,   135.103271
    720,   88.7589645,   164.436905
    721,   273.904602,   116.357246
    722,   228.967316,   83.7865906
    723,   270.538086,   109.030182
    724,   21.3082523,   71.3279419
    725,   21.4599533,   128.741302
    726,   378.644623,    71.320488
    727,   378.672577,   128.688156
    728,   318.639374,   169.655853
    729,   82.2833023,   168.234039
    730,    83.447319,   181.667999
    731,   251.072418,   93.2957306
    732,   192.362961,   78.9778595
    733,   310.980804,   20.9530659
    734,   89.0077896,   21.0771847
    735,   177.655731,   20.9366531
    736,    222.34314,   21.0794201
    737,   147.396027,   93.7492218
    738,   122.081093,   108.650658
    739,   161.312088,   22.2557869
    740,   172.541428,   18.1058636
    741,   238.782654,   22.4340611
    742,    305.87265,   18.1152306
    743,   294.644012,   22.2560062
    744,   105.449417,     22.43396
    745,   43.9301987,   178.781235
    746,   390.087799,   81.7166519
    747,   9.92008018,   118.292397
    748,   304.589447,   153.893127
    749,   303.388123,   138.606049
    750,   94.2230301,   151.362991
    751,   99.3767776,   137.452942
    752,   372.661438,   179.191864
    753,   360.467133,   181.517593
    754,   28.1467686,   178.815125
    755,   278.684906,   121.244339
    756,   107.232483,   122.271782
    757,   122.260132,   22.5556297
    758,   145.946732,   21.5828171
    759,   255.593201,   22.5563221
    760,   279.277466,   21.5826416
    761,   273.159332,   123.663818
    762,   386.578522,   178.970764
    763,   378.294983,   13.3011036
    764,   179.447021,   91.4623871
    765,   169.371841,    86.644516
    766,     361.4823,   175.441986
    767,   77.3269958,   180.393723
    768,   355.006409,   178.591919
    769,   168.510101,   79.5083313
    770,   79.7388306,   187.005157
    771,   110.882538,   117.186684
    772,   99.7352905,   121.015541
    773,   222.190262,   79.3691406
    774,    231.62262,   90.0681458
    775,   199.061218,   75.8177719
    776,   115.762062,   108.319687
    777,   25.1247005,   122.300003
    778,   25.0093803,   77.6367569
    779,   374.905334,   77.7178192
    780,   374.979431,   122.371895
    781,   311.960907,   164.997086
    782,   258.345459,   89.5718918
    783,   186.133163,   75.0213623
    784,   141.206039,   90.0221329
    785,   82.9233475,   24.7845688
    786,   216.270813,    24.798111
    787,   317.070374,   24.7282333
    788,   183.768967,   24.6914043
    789,   125.742706,   102.092995
    790,   233.595871,   25.1550865
    791,   100.262619,   25.1550255
    792,   166.413315,   24.9830055
    793,   299.744568,   24.9837742
    794,    298.20343,   135.374008
    795,   92.9689636,   138.824493
    796,   21.3218479,   182.875259
    797,     374.5242,   19.9120083
    798,    381.36441,   175.388672
    799,   82.6172791,    160.46524
    800,   24.8565063,   64.7906418
    801,   25.0999241,   135.288849
    802,   375.063568,   135.258316
    803,   375.097656,   64.7346497
    804,    237.17511,   93.2604904
    805,   292.677582,   122.279564
    806,   319.554657,   186.944809
    807,   64.6742477,   188.536209
    808,   334.917755,   188.157944
    809,    278.19519,   109.111946
    810,   120.851227,   121.099197
    811,   349.888916,   11.2251377
    812,   50.2859993,   11.3449383
    813,   349.070496,   188.470901
    814,   379.188995,   59.2745171
    815,   20.7818584,   59.3067284
    816,   379.039062,   140.741653
    817,   21.4075031,   140.795593
    818,   363.664917,   11.2041168
    819,   36.0325279,    12.803874
    820,   152.549942,   96.5431366
    821,   302.952057,    30.691721
    822,   169.673157,   30.6994648
    823,   96.9996033,   30.8223495
    824,   230.332474,   30.8272934
    825,    183.72319,   31.7916183
    826,   316.935516,   31.7844238
    827,   216.392715,   31.8797951
    828,   83.0420837,   31.8419647
    829,   274.315918,   102.408478
    830,   378.456146,   169.654785
    831,   285.758057,   109.587997
    832,   94.1962814,   132.741653
    833,    289.01001,   115.968193
    834,   321.381165,   180.825378
    835,   86.8174515,   136.180908
    836,   300.081024,   122.248528
    837,    349.88797,   17.4385071
    838,   50.4044113,   17.5408936
    839,   64.8093948,   182.226868
    840,   334.365021,   180.969986
    841,   378.211639,   25.2756195
    842,   186.192398,    68.129921
    843,    368.25235,   20.3561211
    844,   33.8243752,   18.9260902
    845,   32.6332932,    121.79306
    846,   32.4951973,   77.9979706
    847,   367.376007,   78.2190247
    848,   367.479248,   122.015465
    849,   160.937073,   79.3403168
    850,   153.379654,    90.946228
    851,   18.0525513,   151.456482
    852,   215.294495,   76.3786697
    853,   110.807152,   111.319633
    854,   21.4201221,   117.457878
    855,    21.292635,    82.475708
    856,   378.592896,   82.5523834
    857,   378.704559,   117.527069
    858,   318.302124,   161.844177
    859,   306.602905,   167.721237
    860,   180.710846,   77.9437027
    861,   134.681046,   93.3978958
    862,    77.472908,   21.2055035
    863,   210.831696,   21.2211819
    864,   322.532104,   21.2180901
    865,   189.228836,   21.1491337
    866,   171.762833,   23.6736813
    867,   305.081085,   23.6781025
    868,   21.2262096,   175.392349
    869,   75.8403015,   164.169342
    870,   243.941208,   89.4328003
    871,   361.977905,   168.362061
    872,   303.268127,    132.36763
    873,   379.848145,   52.9344788
    874,   20.1237164,   52.8106804
    875,   379.281464,    147.24794
    876,    70.894928,   179.147995
    877,     156.8703,   26.3245335
    878,   290.198792,   26.3239727
    879,   243.263962,   26.5741749
    880,   109.931023,   26.5734997
    881,   305.431061,   161.575912
    882,   69.0349655,   166.854111
    883,   128.317703,   95.7394257
    884,   110.728233,   104.393677
    885,   308.351501,    135.20488
    886,    103.50489,   35.4891281
    887,   236.828964,   35.5024567
    888,   296.434021,   35.4035721
    889,    163.20282,   35.4333305
    890,   223.138977,   35.2019196
    891,   89.8002396,   35.1692505
    892,   176.997955,   35.1385422
    893,   310.137207,   35.0865555
    894,   383.789276,   165.545822
    895,   81.9211426,   142.404785
    896,   327.022827,   178.397873
    897,   356.502899,   20.7759094
    898,   44.3007507,   20.8353462
    899,   138.834076,   103.055519
    900,   94.5336304,   125.916565
    901,   57.8630562,   178.559799
    902,   341.810211,   178.129562
    903,   192.522125,   64.6190491
    904,   155.395401,   83.8815231
    905,    27.873003,   21.1534882
    906,   39.2347221,    17.888504
    907,   36.3626328,   71.4680099
    908,   36.4177628,   128.498474
    909,   363.558777,   71.5630951
    910,   363.514496,   128.577255
    911,   21.7045517,   157.932266
    912,   210.171616,   80.9142456
    913,   325.080566,    165.40657
    914,   355.573029,   164.440399
    915,   386.619537,   49.5329666
    916,   13.2105665,   49.1604004
    917,    386.31012,   151.182129
    918,   156.835983,   32.3095016
    919,   290.134216,   32.3022804
    920,   243.223099,    32.492878
    921,   109.892876,   32.4874725
    922,   243.628998,   81.4149094
    923,   65.4488754,   174.027512
    924,   377.979095,   31.9028721
    925,   228.744308,   75.7977142
    926,   33.5854034,   175.239151
    927,   175.388763,   76.9970322
    928,   332.423218,   168.941101
    929,   92.6528549,   119.740356
    930,   36.6875305,   169.619293
    931,   290.143188,   39.1377182
    932,   156.948944,   39.1815834
    933,   109.774658,     39.17202
    934,   243.077118,     39.20261
    935,   204.161118,    79.714386
    936,   105.747978,   107.739304
    937,   96.6294937,   38.7910156
    938,   229.948868,   38.8380356
    939,   303.266968,   38.7272644
    940,   170.190002,   38.8282547
    941,   216.406281,   38.9472618
    942,   83.0012589,   38.8946915
    943,   184.002258,   38.9346199
    944,   316.928894,   38.8310776
    945,   378.540192,   162.118088
    946,   78.7731781,   136.257812
    947,   84.2499542,   147.362503
    948,    321.89859,   175.461975
    949,   363.037628,   17.1652107
    950,   349.875885,   24.6690025
    951,   50.3471642,   24.6055183
    952,   336.180786,    174.61586
    953,   185.777054,   61.2174187
    954,   199.220657,   68.4444885
    955,   148.415298,   79.5318756
    956,   21.7381783,   17.4972477
    957,   32.9196358,   24.4092846
    958,   40.4461937,   121.857178
    959,   40.2952995,   77.9473953
    960,   32.6436844,    135.18837
    961,   32.5225639,   64.9153366
    962,   367.351288,   64.8369446
    963,   367.274261,   135.192657
    964,   359.569153,     78.11689
    965,   359.630371,   122.090599
    966,   25.6104755,   151.271912
    967,   17.8939743,   164.231842
    968,   362.306793,   161.225983
    969,   348.885773,   167.482422
    970,   380.945435,   46.7558899
    971,   155.208023,   75.9617157
    972,    370.36908,    35.510704
    973,   171.306381,   71.8070602
    974,   379.105804,   154.776672
    975,   18.9874954,   46.2674637
    976,   62.7925453,   167.526321
    977,   50.6145821,   174.962738
    978,   122.670273,   96.8292847
    979,   314.384583,   134.837784
    980,   36.0803871,   30.2917843
    981,   123.753609,   91.0926971
    982,   117.648438,   93.7584991
    983,   99.6904068,   107.985123
    984,   57.3412743,   163.766434
    985,   50.0641403,   31.5727558
    986,   349.826294,   31.8110733
    987,   64.1995468,    161.58905
    988,   25.7126236,   47.9791603
    989,   373.607971,   150.778275
    990,   374.543304,   48.2380829
    991,   22.4533501,   40.0282364
    992,   377.724487,    40.522316
    993,   32.9669456,   150.774857
    994,   330.564178,   162.427856
    995,   109.877472,   46.0544014
    996,   243.053223,   46.1810493
    997,   289.984497,   46.2013588
    998,    156.93335,    46.328289
    999,   89.1450424,   123.878967
   1000,   31.6400681,    165.04512
   1001,   284.975616,   35.5821648
   1002,   151.717438,   35.5943832
   1003,   114.985916,   35.8002129
   1004,   248.298355,   35.8195457
   1005,   363.054474,   24.1383495
   1006,   96.4720993,   46.1076279
   1007,   229.728516,   46.2442436
   1008,   11.6702261,   164.720825
   1009,   210.963715,   35.4758339
   1010,   77.5120163,   35.4235916
   1011,   189.400253,   35.4178886
   1012,   322.437653,   35.3831444
   1013,   372.939514,   165.447052
   1014,   89.2508698,   149.425751
   1015,   344.303009,   21.1396503
   1016,   55.8148346,   21.1025333
   1017,   180.761612,   64.8961182
   1018,   199.125519,   61.0053711
   1019,   141.694046,   82.7739029
   1020,    21.839119,   24.5144272
   1021,   40.0765076,   135.261871
   1022,   36.9589996,   114.930817
   1023,   363.037537,   85.0438614
   1024,   359.848114,   65.0724411
   1025,   38.3534241,    23.350605
   1026,   331.179871,   175.005539
   1027,   21.6639709,   146.142181
   1028,   25.1608982,   164.285126
   1029,   348.470123,   174.641769
   1030,   21.3932629,   11.4140606
   1031,   363.337769,   31.5027962
   1032,   174.584335,    65.385582
   1033,   184.617569,   46.3367882
   1034,   317.142883,   45.9345894
   1035,   216.226303,   46.1161652
   1036,   82.7215271,   46.0432434
   1037,   317.746246,   128.718582
   1038,    349.12262,   160.642136
   1039,   141.677597,   75.7619247
   1040,   184.980179,   53.9570045
   1041,    155.25296,    68.566185
   1042,   136.463516,   79.1462326
   1043,   337.148712,    163.19635
   1044,   367.492126,    165.08107
   1045,   83.4800491,    125.33149
   1046,   333.361938,   156.996689
   1047,   366.483215,   92.1133957
   1048,   33.5134583,    107.87693
   1049,   343.627777,   163.685349
   1050,   363.468506,   59.5355644
   1051,   36.3387718,   140.540375
   1052,   349.114716,   153.723679
   1053,   29.3725548,    35.156353
   1054,   352.475861,   64.9460068
   1055,   47.7387657,   135.544571
   1056,    111.21756,   96.9905548
   1057,   96.4488449,    114.25827
   1058,   356.415039,   35.3106117
   1059,    43.184906,   34.7021942
   1060,   376.233307,   175.631363
   1061,   198.590424,    53.635334
   1062,   16.7460766,   35.1102371
   1063,   384.847687,   35.5061111
   1064,   36.7700233,   155.677658
   1065,   103.360359,   49.6814003
   1066,   236.423325,   49.8841667
   1067,   296.560852,   49.8374557
   1068,   163.654495,   50.2535324
   1069,   37.9657593,   162.015549
   1070,   204.805969,   64.9230576
   1071,   363.048553,   39.0385094
   1072,   167.345901,   65.5655365
   1073,    177.67717,   50.2727432
   1074,   310.414124,   49.7011375
   1075,   222.844269,   49.8428078
   1076,   89.4909668,   49.6963768
   1077,   348.674622,   182.117447
   1078,   314.048492,   122.439827
   1079,   321.560608,   135.049042
   1080,   141.535721,   68.4902191
   1081,    33.421669,   49.2824745
   1082,   191.599304,   50.1698952
   1083,   126.018997,   83.9650269
   1084,    329.27063,   35.4284286
   1085,   196.194092,   35.4333687
   1086,   66.8691635,    153.97821
   1087,   145.015732,    35.381752
   1088,   278.278656,   35.3664894
   1089,   148.464539,   64.6245956
   1090,   228.892441,    68.306282
   1091,   379.234222,   111.536316
   1092,   379.120209,   88.5965271
   1093,   20.7648735,   88.4645386
   1094,   20.8830719,   111.406303
   1095,   40.0351028,   65.0186996
   1096,   359.672363,   135.006638
   1097,    50.557457,    158.47963
   1098,   78.7383118,    148.50061
   1099,   160.918991,   65.2126541
   1100,   111.890427,    89.601059
   1101,   70.6017914,   35.4334297
   1102,   204.241867,   35.4386749
   1103,   121.413857,   35.8854027
   1104,   254.727356,    35.899498
   1105,   96.5411224,   155.494217
   1106,   235.763184,   79.1756973
   1107,   82.5934753,   131.052246
   1108,   363.550079,   115.509323
   1109,   36.4204063,   84.5089493
   1110,   362.530151,   154.019852
   1111,   83.4074783,   153.046326
   1112,   366.880524,   108.756187
   1113,   33.1120262,   91.2478256
   1114,   72.5821075,   149.151932
   1115,   363.307098,   140.474304
   1116,   36.2892914,   59.8147125
   1117,   352.124451,   135.104126
   1118,   47.9225807,   64.6112823
   1119,   329.027985,   150.724396
   1120,   373.433105,   92.4896011
   1121,   26.5671844,   107.509277
   1122,   355.805328,   150.119171
   1123,   36.5297546,   38.1412239
   1124,   22.1604156,   31.7715607
   1125,   348.566803,   71.1548157
   1126,   51.9350319,   128.727356
   1127,   389.150665,   32.8460388
   1128,   49.6703262,   38.4570084
   1129,   39.8697205,   150.605957
   1130,   110.416527,   52.9792252
   1131,   243.197281,   53.2667084
   1132,   303.415985,   46.1361618
   1133,    289.61969,   53.4188423
   1134,   170.511047,   46.4348221
   1135,   156.598709,   53.6986313
   1136,   42.6329803,   166.586807
   1137,   317.578125,   53.1497192
   1138,    215.93457,   53.3971024
   1139,   82.3055344,    53.363163
   1140,    321.42804,   122.317856
   1141,   306.930939,   122.253624
   1142,   119.061554,   79.4532089
   1143,   59.8690796,   149.242722
   1144,   222.496613,   64.1834259
   1145,   386.348785,   108.627625
   1146,   386.299835,    91.411499
   1147,   13.6510715,   91.3725586
   1148,   13.7015352,   108.589935
   1149,   49.6183662,   167.009338
   1150,   53.4511223,   151.492981
   1151,   155.561981,   61.1541328
   1152,   112.454765,   82.5666809
   1153,   197.262848,   47.3597298
   1154,   170.722519,   54.0407257
   1155,   349.730621,   38.8981056
   1156,     329.0625,   135.268509
   1157,    211.11261,   65.3880005
   1158,   362.920349,   53.2653542
   1159,   92.5614853,   108.078148
   1160,   37.0473366,   44.2311172
   1161,   229.557098,   53.5545197
   1162,   96.5190582,   53.3354378
   1163,    131.18187,   79.4148941
   1164,   258.574707,   42.4036255
   1165,    125.34523,   42.4253197
   1166,   274.249023,   42.3250656
   1167,   141.117218,   42.3785782
   1168,   200.108154,   28.5432816
   1169,   66.5823669,   28.5014038
   1170,   333.368805,   28.5606899
   1171,   273.737488,   27.5153522
   1172,   140.422394,   27.5208168
   1173,   258.424072,   29.6218719
   1174,   125.097839,   29.6203957
   1175,   362.615997,   46.2300911
   1176,   236.171341,   64.8462296
   1177,   336.815521,   150.667847
   1178,   200.386307,   41.9278107
   1179,    333.42218,   42.1846085
   1180,    348.82785,   59.4240265
   1181,   51.6939735,   141.710938
   1182,   66.0485382,   42.3013687
   1183,   21.3447971,   169.205643
   1184,   135.603836,   64.7367325
   1185,   36.3574905,   145.701538
   1186,   368.093262,   150.574005
   1187,   16.7120094,   20.8363914
   1188,   251.194443,   78.5766449
   1189,   312.511902,   149.961212
   1190,   159.014679,   89.5464783
   1191,   240.864365,   75.5007629
   1192,   351.943207,    77.782814
   1193,   48.1545792,   122.020355
   1194,   170.854034,   60.4028053
   1195,   243.453735,   69.3035736
   1196,   95.6264954,   102.774628
   1197,   125.681396,    76.226799
   1198,   85.5686646,   108.079002
   1199,   360.213013,   109.975006
   1200,   39.7625885,    90.037529
   1201,   66.7463989,   144.414856
   1202,   112.459412,   75.7337723
   1203,   348.356689,   128.918076
   1204,   51.7510338,   71.1519318
   1205,   11.6032333,   20.7137165
   1206,   289.310059,   60.6168671
   1207,   111.496666,   60.4271393
   1208,   243.544937,   60.8510094
   1209,   321.134338,   150.265121
   1210,   317.545624,   144.828552
   1211,   348.838593,   146.658997
   1212,   54.7314987,   146.344513
   1213,   55.3493042,   35.1745758
   1214,   115.554146,   49.1748314
   1215,   248.554001,   49.3627396
   1216,   303.487976,    53.601799
   1217,   284.250183,    49.685379
   1218,   323.045135,   49.3462601
   1219,   303.345032,    126.98481
   1220,   317.675293,   117.014664
   1221,   217.015976,   66.4616318
   1222,   344.307068,   35.3903961
   1223,    379.42337,   104.081894
   1224,   379.387299,   96.1522827
   1225,   20.5762138,   95.9181976
   1226,   20.6132545,   103.848106
   1227,   349.546051,   46.0219498
   1228,   332.975555,    128.84375
   1229,   356.107758,   49.8627548
   1230,   49.2053185,   45.3232384
   1231,   41.7263603,   49.2791901
   1232,   329.086487,   122.161644
   1233,   254.945007,   48.8466721
   1234,   262.349365,   35.9046707
   1235,   129.067383,   35.9236183
   1236,   121.906204,   48.7688599
   1237,   270.122772,   35.5035553
   1238,   277.662903,   49.1515808
   1239,   144.765701,   49.0976448
   1240,   136.869873,    35.533947
   1241,   204.083023,   21.4910831
   1242,   70.6858978,   21.4670353
   1243,   62.2053833,   35.3134537
   1244,   337.483887,    35.391571
   1245,   329.317444,   21.5282021
   1246,   229.358063,   60.8809471
   1247,   329.710571,    48.856369
   1248,   344.952393,   64.4938507
   1249,   349.268585,   53.1896019
   1250,    50.036808,   146.859451
   1251,   55.6666679,   135.612183
   1252,    69.712532,   49.2711945
   1253,   128.743576,   64.6054077
   1254,   141.342819,   60.9651489
   1255,   362.767059,   146.767014
   1256,   257.671478,   82.1425095
   1257,   347.781952,   83.8471832
   1258,   52.1103783,   115.825645
   1259,   96.6909256,   60.7736931
   1260,    196.01207,   21.4396935
   1261,   368.139801,   49.4909248
   1262,   317.846619,   60.4540939
   1263,   216.112732,   60.6119461
   1264,   82.2067108,   60.7767754
   1265,   332.855774,   140.488724
   1266,    348.35733,   140.486404
   1267,   51.9958115,   58.0299759
   1268,   36.7277107,   54.5677299
   1269,   106.220116,   92.6609344
   1270,   44.7173653,   162.172134
   1271,   14.2013674,   179.290939
   1272,   111.991982,   68.3689728
   1273,   38.3231392,   96.2385483
   1274,   361.668915,   103.754547
   1275,   46.0351257,   93.4893723
   1276,   353.940704,   106.503204
   1277,   343.902466,   49.3788719
   1278,   46.7145882,   151.269867
   1279,   82.2258453,   113.957016
   1280,   71.0757217,   136.644745
   1281,   107.418159,   79.1809006
   1282,   344.462006,   135.350998
   1283,   352.017395,   122.529076
   1284,   47.8853378,   77.5675125
   1285,   56.8600349,   64.2672195
   1286,   295.731995,   64.3255005
   1287,   104.232719,   64.6571884
   1288,   317.719971,   155.518463
   1289,   317.942749,   139.765594
   1290,   343.412964,   150.258469
   1291,   151.282501,   49.5948029
   1292,   373.588684,    107.94429
   1293,   26.4088898,   92.0569077
   1294,   262.403503,    48.747242
   1295,   129.357254,   48.9641113
   1296,   270.008331,   48.8212624
   1297,   137.070511,    49.086792
   1298,   62.5783768,   21.4032898
   1299,   337.444244,   21.4722157
   1300,   337.348999,   48.8697662
   1301,   61.0692902,   49.4614258
   1302,   76.6788864,   49.6702881
   1303,   125.378571,   69.9485016
   1304,   257.788574,   75.3655472
   1305,   350.655426,   89.8921127
   1306,   49.3952141,   109.922241
   1307,   311.071045,   64.5849762
   1308,   89.4241104,   64.6384735
   1309,   336.764648,   135.352493
   1310,   49.3592339,   51.9219742
   1311,   99.8904266,   91.3107376
   1312,    140.92981,    54.500515
   1313,   317.508423,   110.104408
   1314,   133.863495,   23.6406403
   1315,   267.191254,   23.6388588
   1316,   344.350677,   77.3845596
   1317,   55.9192238,   121.949905
   1318,   63.3904648,   136.514618
   1319,   332.879395,   145.581665
   1320,   214.367218,   70.5106506
   1321,   333.084045,   115.752907
   1322,   337.464722,   64.1875305
   1323,   94.5200424,   96.3330307
   1324,   336.983826,   122.335037
   1325,   261.908905,   24.6885605
   1326,   128.579941,   24.6892128
   1327,   258.208893,   68.1943512
   1328,   93.4668121,   89.8052597
   1329,   120.062691,   64.3334045
   1330,   52.0164871,   88.7080231
   1331,   347.875275,   111.368111
   1332,   78.3980408,   107.935783
   1333,   344.617249,   122.644714
   1334,   55.2268105,   77.6101151
   1335,   289.008453,   67.7416534
   1336,   303.390198,   61.7992477
   1337,   273.471588,   54.3330498
   1338,   333.374542,   15.5044155
   1339,   65.6044006,   54.7186394
   1340,   263.038116,   78.8883286
   1341,   357.980988,   91.9616623
   1342,   42.0249519,   107.972839
   1343,   317.889862,   67.8438721
   1344,   82.3466644,   68.1015701
   1345,    96.936554,   83.7356949
   1346,   310.216248,   107.582932
   1347,   96.8325729,   68.6409683
   1348,   329.944824,   108.975639
   1349,    37.461216,   102.486931
   1350,   362.539001,   97.4883118
   1351,   333.609131,   70.2611847
   1352,   333.723511,   59.0618134
   1353,    86.630661,     92.64785
   1354,   62.7205276,   78.0654221
   1355,   250.984192,   64.4404755
   1356,   52.9873199,   94.6289368
   1357,   51.6966095,   82.7000885
   1358,    346.97403,   105.275955
   1359,   348.188568,   117.444115
   1360,   300.521698,   67.8638992
   1361,    323.52478,   63.9205513
   1362,   303.785431,   111.261261
   1363,   96.8787613,   76.1379318
   1364,   323.781586,   107.754272
   1365,   336.864563,   76.6082993
   1366,   330.019806,   64.1108246
   1367,    64.697319,   60.8858299
   1368,   125.190407,   59.1064644
   1369,   272.788574,   60.6500664
   1370,   288.946075,   74.8576736
   1371,   70.5077667,    107.58078
   1372,   352.142334,   95.2052689
   1373,    47.944706,   104.666611
   1374,   78.8105545,   120.328934
   1375,   336.221344,   110.485809
   1376,   55.2363396,   52.8874702
   1377,   91.4757385,    79.414856
   1378,   344.944122,   88.9670486
   1379,   55.2211838,   110.737137
   1380,    318.51593,   75.1425247
   1381,    81.918602,   74.1665802
   1382,   50.4685822,   99.6657944
   1383,   349.606537,    100.17141
   1384,   335.085327,   104.177101
   1385,   340.090973,   92.2845993
   1386,   61.4429092,    107.61216
   1387,   54.3760757,   48.3306274
   1388,   81.6666794,   85.5124207
   1389,   302.305969,     74.07621
   1390,   125.604195,   53.8945961
   1391,   66.7286301,   71.9903183
   1392,   85.9563446,   119.529999
   1393,   58.2184677,   92.1540298
   1394,   341.572235,   107.839211
   1395,   305.625916,   68.1768036
   1396,   303.678528,   117.325325
   1397,   303.753204,   103.956665
   1398,    102.22776,   79.4766922
   1399,   265.568604,   64.3123703
   1400,   295.497925,   78.0407867
   1401,   66.7320099,   114.395653
   1402,   71.0793304,    120.74852
   1403,   85.2264404,   79.3221588
   1404,   313.392792,   79.0224075
   1405,    258.39798,   60.4811668
   1406,    66.334343,   100.911255
   1407,   330.570251,   75.5580826
   1408,   333.633362,   53.9792061
   1409,   66.6843033,   84.1973877
   1410,   246.064682,   75.3249207
   1411,    64.405426,   90.0982132
   1412,   331.818726,    81.835701
   1413,     78.01931,    78.943367
   1414,   258.558838,   53.9941025
   1415,   333.299286,   89.2065048
   1416,   53.7687035,   105.320145
   1417,   77.0113754,   92.2548218
   1418,   297.398712,   107.668144
   1419,    272.67334,   67.9050903
   1420,   289.276489,   82.0865784
   1421,    318.68338,   82.4434662
   1422,    334.24649,   96.6624222
   1423,   69.4119492,   94.7758865
   1424,   70.5195999,   78.2656326
   1425,   315.174408,   104.030434
   1426,   300.977966,   80.9576035
   1427,   63.5229721,   121.189415
   1428,   67.6027756,   126.080704
   1429,   317.727783,    97.962738
   1430,   291.993866,   110.612068
   1431,   325.101562,   78.7617416
   1432,   278.223602,   64.2409973
   1433,   273.075623,   74.1477051
   1434,   346.567474,   94.4537735
   1435,   303.925629,   87.5867996
   1436,   81.8607178,   98.0392914
   1437,     63.30196,   95.4512634
   1438,   307.227417,   79.9064865
   1439,   70.2933578,   89.2180481
   1440,   67.5886917,    131.28299
   1441,   69.9370499,   65.5360489
   1442,   328.543793,   93.4475021
   1443,   289.727692,   89.4593658
   1444,   317.965546,   89.8567886
   1445,   303.781921,   96.3168869
   1446,     310.9328,   92.9094391
   1447,   81.8921509,   103.220085
   1448,   296.799103,   92.6255646
   1449,   283.693115,   64.2113724
   1450,   63.4916992,   66.8638306
   1451,    323.24881,   93.7941666
   1452,   21.4967365,   189.142639
   1453,   76.5839157,   64.6648636
   1454,   290.266449,   97.0134506
   1455,   290.900818,   104.457718
   1456,   284.236206,   93.7750702
   1457,   276.342133,   94.5542145
   1458,   266.932983,   93.3939972
   1459,   283.559418,   78.8162766
   1460,   227.458374,   18.2528973
   1461,   94.1243515,   18.2525997
   1462,   210.459106,   49.5394211
   1463,   38.8175774,   175.416992
   1464,   320.155273,   104.129921
   1465,   11.4364948,   34.6558418
   1466,   388.858368,   165.402222
   1467,   315.930664,   181.813477
   1468,   66.6489182,   15.4437304
   1469,   200.027924,   15.4565678
   1470,   129.435104,   89.9338913
   1471,   70.3243179,   160.488174
   1472,   269.360565,   79.3832092
   1473,    272.69342,   86.3292923
   1474,   228.240707,    23.824728
   1475,   94.9067001,   23.8222561
   1476,   9.86197948,   81.7291565
   1477,    390.13797,    118.27108
   1478,   276.889862,   79.4010849
   1479,   203.836853,   48.6589088
   1480,   260.080963,   104.626144
   1481,   271.049713,   98.1164474
