      1,         100.,         200.
      2,           0.,         200.
      3,           0.,           0.
      4,         400.,           0.
      5,         400.,         200.
      6,         300.,         200.
      7,    209.93602,    100.49485
      8,   230.477875,   104.757683
      9,   249.678284,   113.212509
     10,    280.77063,   141.041489
     11,   291.294067,   159.190781
     12,   297.799316,   179.136246
     13,   188.956848,   100.611626
     14,   102.167641,   179.291809
     15,   108.576584,   159.481369
     16,    118.94899,   141.427536
     17,   149.633163,   113.610291
     18,   168.614685,   105.052849
     19,          80.,         200.
     20,          60.,         200.
     21,          40.,         200.
     22,          20.,         200.
     23,           0.,         180.
     24,           0.,         160.
     25,           0.,         140.
     26,           0.,         120.
     27,           0.,         100.
     28,           0.,          80.
     29,           0.,          60.
     30,           0.,          40.
     31,           0.,          20.
     32,          20.,           0.
     33,          40.,           0.
     34,          60.,           0.
     35,          80.,           0.
     36,         100.,           0.
     37,         120.,           0.
     38,         140.,           0.
     39,         160.,           0.
     40,         180.,           0.
     41,         200.,           0.
     42,         220.,           0.
     43,         240.,           0.
     44,         260.,           0.
     45,         280.,           0.
     46,         300.,           0.
     47,         320.,           0.
     48,         340.,           0.
     49,         360.,           0.
     50,         380.,           0.
     51,         400.,          20.
     52,         400.,          40.
     53,         400.,          60.
     54,         400.,          80.
     55,         400.,         100.
     56,         400.,         120.
     57,         400.,         140.
     58,         400.,         160.
     59,         400.,         180.
     60,         380.,         200.
     61,         360.,         200.
     62,         340.,         200.
     63,         320.,         200.
     64,   266.692139,   125.487198
     65,    132.83519,   125.912971
     66,   70.0687485,    17.346014
     67,   17.7039661,   172.450302
     68,      190.013,   17.2628498
     69,   250.002533,   17.3884449
     70,   382.212524,   27.3659573
     71,   382.667023,   109.904846
     72,   49.2814217,   17.7097225
     73,    27.313015,   17.8581657
     74,   71.8761063,   177.788757
     75,   49.5394135,    181.23027
     76,   17.9382343,   150.547607
     77,   17.6319218,   129.903046
     78,   17.4431267,   109.957993
     79,   17.4101429,   89.9693604
     80,   17.7183819,   69.6926727
     81,   18.0121384,   49.7242661
     82,    90.021759,   17.3727493
     83,   110.004677,   17.3869896
     84,   130.000366,    17.394907
     85,   149.999237,   17.4039268
     86,   170.001068,   17.3886852
     87,    210.02742,   17.1254368
     88,   230.018967,   17.2270565
     89,   270.001251,   17.4043045
     90,   290.001648,   17.4041157
     91,   310.002533,   17.3929024
     92,   330.280701,   17.6986713
     93,    350.27179,   18.0061703
     94,   382.159729,    49.153923
     95,   382.565613,   69.9114151
     96,   382.617432,   89.9611359
     97,   382.311279,   130.167084
     98,    382.75119,   150.129211
     99,   382.897186,   169.124313
    100,   345.742523,    179.87323
    101,   324.657959,   180.287613
    102,   130.287994,    106.94207
    103,   88.3290482,   159.889801
    104,   99.8579559,   141.493469
    105,   150.316483,   91.2250519
    106,   113.376656,   123.350334
    107,    175.66774,   86.4639206
    108,   199.121109,   84.6843491
    109,   300.216919,   140.537155
    110,   311.367859,    160.56337
    111,   248.951675,   90.8013535
    112,   268.975403,   106.431587
    113,   222.867874,   86.0597382
    114,   286.067139,   121.858826
    115,   381.228424,   187.587524
    116,    16.539835,   32.9726028
    117,   367.041809,   16.5390911
    118,   32.8488388,    183.08873
    119,   59.4974937,   35.6970978
    120,   36.3320808,   139.222015
    121,   35.2479782,   59.4167938
    122,   180.755035,   34.3040657
    123,   259.862671,   34.7963829
    124,   369.163361,   159.558243
    125,    38.199379,   162.633133
    126,   364.979858,     59.41045
    127,   365.315735,   119.956177
    128,   34.9582558,   99.7078171
    129,   79.7865982,   35.5649223
    130,   36.7021332,   37.7921829
    131,   99.9569321,   34.9487381
    132,   119.989441,    34.865097
    133,   140.044296,   34.8574066
    134,   160.454346,   34.6684418
    135,   219.809219,   33.5003853
    136,   239.527191,   34.2941132
    137,   279.963898,   34.8585892
    138,   320.172791,   35.5847855
    139,   340.559753,   35.8908272
    140,    362.36792,   36.7581673
    141,   365.176453,   79.7003479
    142,   363.397461,   141.636368
    143,   35.4911537,   119.072571
    144,   35.0249672,   79.5246201
    145,   200.652878,    33.316082
    146,   299.927429,   34.9366875
    147,   365.316101,   99.9835358
    148,   70.4801712,   158.458679
    149,   332.854034,   161.184067
    150,   106.327637,   102.061508
    151,   79.3498764,   143.298965
    152,   125.816048,   87.1728821
    153,   89.4270248,   122.948387
    154,   162.128845,   70.0675583
    155,   185.457535,   68.2721863
    156,   210.899445,   65.2942429
    157,   236.681458,   69.1678696
    158,   321.585358,   141.093658
    159,   310.203461,   116.750496
    160,   289.886383,   100.467415
    161,   273.250336,    86.600853
    162,   57.8764763,    146.58374
    163,   342.384338,   142.604004
    164,   227.781891,   50.2375259
    165,   248.940842,   51.8088875
    166,   129.992508,   52.2950211
    167,   150.697281,   52.3245392
    168,   109.881248,   52.1430168
    169,   290.081726,   52.0881195
    170,   90.2938538,   52.7625275
    171,   193.318405,   50.0083427
    172,   172.135239,   51.6075211
    173,   269.955688,   52.1215553
    174,    348.80249,    110.43782
    175,   52.9449387,   107.998283
    176,   53.9543343,   126.451454
    177,   51.8848915,   69.0983963
    178,   309.549713,   52.7365036
    179,   348.121429,   69.0827026
    180,   348.133636,   89.9329681
    181,   69.1726303,   55.9804916
    182,   52.2675323,   88.8453369
    183,   50.5010262,   51.5969925
    184,   349.317474,   51.3866768
    185,   330.686646,   56.0386238
    186,   365.279083,   176.117065
    187,   70.2459335,   130.900818
    188,   57.5943069,   165.338913
    189,    333.97348,   123.368637
    190,   69.3281097,   77.8087082
    191,   280.718323,   68.7869949
    192,   139.777756,   70.3675995
    193,   350.774719,   127.600601
    194,   330.631622,   78.9916916
    195,   118.913322,   69.1215668
    196,   99.9532166,   68.7587585
    197,   259.749725,   69.8812561
    198,   330.302399,   101.317612
    199,   299.577057,    68.932785
    200,   70.0340118,   96.8352051
    201,   210.492371,   46.4713173
    202,   108.011215,   82.7299576
    203,   309.663391,   88.2887192
    204,   316.021698,   68.9976654
    205,    88.987709,   85.9154816
    206,   83.5471039,   68.2451935
    207,    290.61911,   82.6153564
    208,   85.0796738,   104.596413
    209,    353.13681,    160.16217
    210,    70.280983,   114.955093
