   1, 240, 143, 124
   2, 248, 172, 173
   3, 179, 163,  31
   4, 243,  50, 169
   5, 182, 164,  35
   6, 145, 132, 138
   7, 216, 165,  78
   8, 159, 116, 115
   9, 353,  89, 304
  10, 417, 303, 352
  11, 245, 104, 233
  12, 612, 551, 553
  13, 250, 186, 187
  14, 169,  51, 168
  15, 170,  48,  49
  16, 171,  48, 170
  17, 240, 124,   1
  18, 423, 143, 347
  19, 162,  22,  23
  20, 277, 179, 249
  21, 175, 174,  24
  22, 176, 175,  25
  23, 422, 344, 177
  24, 177,  27,  28
  25,  27,   2,  28
  26, 177, 176,  26
  27, 178,  30, 163
  28, 279, 180, 181
  29, 181,  34, 164
  30, 137, 133,  15
  31, 585, 520, 348
  32, 183, 182,  36
  33, 184, 183,  37
  34, 144, 136, 128
  35, 144, 128, 127
  36, 187,  40,  41
  37, 186, 185,  39
  38, 188, 187,  41
  39, 250, 247, 186
  40, 282, 188, 251
  41, 284, 190, 252
  42, 244,  46, 171
  43, 285, 191, 244
  44,  47,  46,   3
  45, 168,  52, 161
  46, 192, 161,  53
  47, 253, 246, 161
  48, 254, 253, 192
  49, 384, 286, 377
  50, 135, 134,  17
  51, 195, 194,  56
  52, 196, 195,  57
  53, 198, 197,  59
  54, 139, 130, 134
  55, 140,  18, 139
  56, 289, 199, 200
  57, 200, 199,  61
  58, 201, 200,  62
  59, 592, 536, 535
  60, 204, 203,  65
  61, 403, 293, 294
  62, 151, 114, 146
  63, 151, 150,   7
  64, 206, 205,  67
  65, 207, 206,  68
  66, 297, 296, 207
  67, 210, 209,  71
  68, 211, 210,  72
  69, 153, 148, 117
  70, 153, 117,   8
  71, 213, 212,  74
  72, 214, 213,  75
  73, 215,  77, 165
  74, 160, 155, 118
  75, 217, 216,  79
  76, 156, 119, 155
  77, 259, 217, 218
  78, 218, 217,  80
  79, 219, 218,  81
  80, 220, 219,  82
  81, 221, 220,  83
  82, 222,  85,  86
  83,  85,   4,  86
  84, 222, 221,  84
  85, 305, 220, 221
  86, 223,  91,  92
  87, 474, 467, 390
  88, 258, 218, 219
  89, 224, 223,  92
  90, 225, 224,  93
  91, 309, 226, 167
  92, 227, 167,  96
  93, 152, 120,  10
  94, 229, 228,  98
  95, 230, 229,  99
  96, 158, 121, 157
  97, 158, 122, 121
  98, 232, 102, 166
  99, 554, 553, 479
 100, 350, 245, 233
 101, 233, 104, 105
 102, 104,   5, 105
 103, 418, 350, 242
 104, 261, 108, 234
 105, 234, 108, 109
 106, 235, 234, 109
 107, 236, 235, 110
 108, 237, 236, 111
 109, 346, 238, 241
 110, 241, 123,  12
 111, 113,   6, 123
 112, 146,  13, 145
 113, 150, 115,   7
 114, 159, 115, 150
 115, 153,   8, 147
 116, 160,   9, 148
 117, 155, 119, 118
 118, 152, 149, 120
 119, 157,  11, 149
 120, 157, 121,  11
 121, 241, 238, 123
 122, 240,   1,  19
 123, 239,  14, 143
 124, 141, 137, 126
 125, 133, 127,  15
 126, 144, 127, 133
 127, 142,  16, 136
 128, 134, 130,  17
 129, 139,  18, 130
 130, 138, 132, 131
 131, 137,  15, 126
 132, 392, 278, 371
 133, 135,  17, 129
 134, 197, 196,  58
 135, 142, 129,  16
 136, 194, 193,  55
 137, 185, 184,  38
 138, 136,  16, 128
 139, 141, 126, 125
 140, 180, 179,  32
 141, 140, 131,  18
 142, 202, 201,  63
 143, 263, 197, 198
 144, 263, 198, 255
 145, 199, 198,  60
 146, 140, 138, 131
 147, 239, 125,  14
 148, 173,  22, 162
 149, 193, 192,  54
 150, 142, 135, 129
 151, 143,  14, 124
 152, 172,  20,  21
 153, 265, 182, 183
 154, 265, 264, 182
 155, 203, 202,  64
 156, 145,  13, 132
 157, 205, 204,  66
 158, 146, 114,  13
 159, 209, 208,  70
 160, 147,   8, 116
 161, 212, 211,  73
 162, 148,   9, 117
 163, 228, 227,  97
 164, 149,  11, 120
 165, 151,   7, 114
 166, 509, 372, 502
 167, 330, 146, 329
 168, 335, 151, 330
 169, 156,  10, 119
 170, 226,  95, 167
 171, 267, 210, 211
 172, 267, 266, 210
 173, 231, 230, 100
 174, 154,  12, 122
 175, 160, 118,   9
 176, 440, 439, 338
 177, 488, 356, 467
 178, 156, 152,  10
 179, 311, 228, 229
 180, 342, 149, 331
 181, 312, 230, 231
 182, 158, 154, 122
 183, 208, 207,  69
 184, 159, 147, 116
 185, 271, 213, 214
 186, 271, 270, 213
 187, 161,  52,  53
 188, 192,  53,  54
 189, 174,  23,  24
 190, 274, 272, 174
 191, 163,  30,  31
 192, 179,  31,  32
 193, 164,  34,  35
 194, 182,  35,  36
 195, 165,  77,  78
 196, 216,  78,  79
 197, 166, 102, 103
 198, 350, 313, 166
 199, 167,  95,  96
 200, 227,  96,  97
 201, 189, 188,  42
 202, 168,  51,  52
 203, 190, 189,  43
 204, 169,  50,  51
 205, 191, 190,  44
 206, 243, 170,  49
 207, 171,  46,  47
 208, 171,  47,  48
 209, 347, 240,  20
 210, 173, 172,  21
 211, 173,  21,  22
 212, 273, 173, 162
 213, 174, 162,  23
 214, 175,  24,  25
 215, 176,  25,  26
 216, 522, 516, 517
 217, 177,  26,  27
 218, 275, 274, 175
 219, 422,  28,  29
 220, 422, 178, 344
 221, 178,  29,  30
 222, 452, 344, 276
 223, 180,  32,  33
 224, 483, 408, 457
 225, 181,  33,  34
 226, 181, 180,  33
 227, 278, 164, 264
 228, 430, 428, 322
 229, 183,  36,  37
 230, 542, 538, 469
 231, 184,  37,  38
 232, 280, 265, 183
 233, 185,  38,  39
 234, 428, 427, 326
 235, 186,  39,  40
 236, 281, 185, 247
 237, 187, 186,  40
 238, 246, 168, 161
 239, 188,  41,  42
 240, 284, 189, 190
 241, 189,  42,  43
 242, 283, 168, 246
 243, 190,  43,  44
 244, 385, 284, 252
 245, 191,  44,  45
 246, 416, 351, 243
 247, 244, 191,  45
 248, 285, 252, 191
 249, 193,  54,  55
 250, 530, 461, 460
 251, 194,  55,  56
 252, 286, 254, 193
 253, 195,  56,  57
 254, 287, 286, 194
 255, 196,  57,  58
 256, 495, 476, 365
 257, 197,  58,  59
 258, 288, 196, 262
 259, 198,  59,  60
 260, 263, 262, 197
 261, 199,  60,  61
 262, 379, 255, 375
 263, 200,  61,  62
 264, 289, 255, 199
 265, 201,  62,  63
 266, 550, 477, 536
 267, 202,  63,  64
 268, 290, 289, 200
 269, 203,  64,  65
 270, 291, 290, 201
 271, 204,  65,  66
 272, 292, 291, 202
 273, 205,  66,  67
 274, 293, 292, 203
 275, 206,  67,  68
 276, 294, 293, 204
 277, 207,  68,  69
 278, 295, 294, 205
 279, 208,  69,  70
 280, 296, 295, 206
 281, 209,  70,  71
 282, 298, 297, 208
 283, 210,  71,  72
 284, 298, 209, 266
 285, 211,  72,  73
 286, 369, 267, 358
 287, 212,  73,  74
 288, 443, 442, 339
 289, 213,  74,  75
 290, 561, 558, 494
 291, 214,  75,  76
 292, 340, 148, 339
 293, 215,  76,  77
 294, 215, 214,  76
 295, 300, 215, 165
 296, 439, 437, 341
 297, 217,  79,  80
 298, 302, 216, 256
 299, 218,  80,  81
 300, 579, 458, 529
 301, 219,  81,  82
 302, 303,  91, 223
 303, 220,  82,  83
 304, 304,  90, 303
 305, 221,  83,  84
 306, 480, 419, 345
 307, 222,  84,  85
 308, 419, 383, 305
 309, 583,  86,  87
 310, 306,  87,  88
 311, 224,  92,  93
 312, 308, 307, 224
 313, 225,  93,  94
 314, 308, 225, 260
 315, 226,  94,  95
 316, 226, 225,  94
 317, 362, 268, 357
 318, 336, 331, 152
 319, 228,  97,  98
 320, 310, 227, 268
 321, 229,  98,  99
 322, 342, 334, 157
 323, 230,  99, 100
 324, 311, 229, 269
 325, 231, 100, 101
 326, 312, 269, 230
 327, 232, 101, 102
 328, 232, 231, 101
 329, 350, 166, 245
 330, 411, 316, 407
 331, 233, 105, 106
 332, 242, 106, 107
 333, 235, 109, 110
 334, 519, 418, 349
 335, 236, 110, 111
 336, 661, 539, 526
 337, 237, 111, 112
 338, 316, 315, 235
 339, 238, 237, 112
 340, 317, 316, 236
 341, 238, 112, 113
 342, 238, 113, 123
 343, 239, 141, 125
 344, 449, 423, 347
 345, 240,  19,  20
 346, 347,  20, 172
 347, 241,  12, 154
 348, 346, 317, 237
 349, 242, 233, 106
 350, 261, 242, 107
 351, 243,  49,  50
 352, 351, 285, 170
 353, 244,  45,  46
 354, 285, 244, 171
 355, 245, 166, 103
 356, 245, 103, 104
 357, 253, 161, 192
 358, 459, 404, 378
 359, 326, 144, 322
 360, 247, 185, 186
 361, 274, 174, 175
 362, 348, 320, 141
 363, 517, 412, 483
 364, 249, 179, 180
 365, 282, 187, 188
 366, 404, 253, 378
 367, 251, 188, 189
 368, 518, 507, 385
 369, 252, 190, 191
 370, 416, 169, 283
 371, 254, 192, 193
 372, 547, 546, 481
 373, 286, 193, 194
 374, 326, 136, 144
 375, 323, 318, 140
 376, 255, 198, 199
 377, 341, 155, 338
 378, 256, 216, 217
 379, 258, 219, 257
 380, 257, 219, 220
 381, 458, 307, 395
 382, 389, 257, 383
 383, 259, 256, 217
 384, 259, 218, 258
 385, 395, 308, 381
 386, 260, 225, 226
 387, 261, 107, 108
 388, 315, 234, 235
 389, 370, 365, 288
 390, 262, 196, 197
 391, 325, 323, 139
 392, 325, 134, 319
 393, 324, 137, 320
 394, 264, 164, 182
 395, 280, 183, 184
 396, 373, 280, 354
 397, 333, 332, 147
 398, 266, 209, 210
 399, 299, 211, 212
 400, 445, 443, 332
 401, 374, 310, 362
 402, 268, 227, 228
 403, 387, 364, 269
 404, 269, 229, 230
 405, 339, 153, 332
 406, 270, 212, 213
 407, 301, 214, 215
 408, 736, 694, 689
 409, 273, 162, 272
 410, 272, 162, 174
 411, 457, 408, 391
 412, 273, 248, 173
 413, 275, 175, 176
 414, 505, 415, 414
 415, 344, 275, 176
 416, 276, 178, 163
 417, 277, 276, 163
 418, 409, 277, 408
 419, 277, 163, 179
 420, 408, 249, 391
 421, 324, 322, 133
 422, 278, 181, 164
 423, 279, 249, 180
 424, 279, 181, 278
 425, 281, 280, 184
 426, 671, 668, 603
 427, 281, 184, 185
 428, 748, 713, 747
 429, 399, 251, 393
 430, 282, 250, 187
 431, 283, 169, 168
 432, 463, 404, 459
 433, 284, 251, 189
 434, 456, 385, 252
 435, 285, 171, 170
 436, 351, 170, 243
 437, 287, 194, 195
 438, 321, 319, 135
 439, 288, 195, 196
 440, 288, 287, 195
 441, 379, 376, 263
 442, 426, 321, 425
 443, 290, 200, 201
 444, 432, 323, 431
 445, 291, 201, 202
 446, 386, 360, 290
 447, 292, 202, 203
 448, 328, 138, 318
 449, 293, 203, 204
 450, 329, 145, 328
 451, 294, 204, 205
 452, 545, 475, 472
 453, 295, 205, 206
 454, 403, 400, 293
 455, 296, 206, 207
 456, 510, 388, 509
 457, 297, 207, 208
 458, 337, 150, 335
 459, 446, 337, 436
 460, 446, 445, 333
 461, 298, 208, 209
 462, 363, 361, 298
 463, 299, 267, 211
 464, 299, 212, 270
 465, 302, 300, 165
 466, 367, 366, 301
 467, 301, 271, 214
 468, 301, 215, 300
 469, 302, 165, 216
 470, 356, 355, 302
 471, 303,  90,  91
 472, 352, 223, 307
 473, 480, 468, 450
 474, 304,  89,  90
 475, 305, 257, 220
 476, 345, 221, 222
 477, 583, 306, 345
 478, 353, 306,  88
 479, 609, 540, 563
 480, 307, 223, 224
 481, 308, 224, 225
 482, 551, 548, 491
 483, 309, 260, 226
 484, 310, 309, 167
 485, 310, 167, 227
 486, 441, 331, 438
 487, 364, 357, 311
 488, 311, 268, 228
 489, 314, 231, 232
 490, 343, 158, 334
 491, 313, 232, 166
 492, 349, 234, 315
 493, 314, 312, 231
 494, 314, 232, 313
 495, 316, 235, 236
 496, 582, 539, 493
 497, 317, 236, 237
 498, 421, 317, 346
 499, 346, 237, 238
 500, 596, 543, 531
 501, 318, 138, 140
 502, 323, 140, 139
 503, 319, 134, 135
 504, 321, 135, 142
 505, 320, 137, 141
 506, 348, 141, 239
 507, 327, 142, 136
 508, 377, 287, 365
 509, 322, 144, 133
 510, 324, 133, 137
 511, 325, 139, 134
 512, 375, 289, 360
 513, 528, 522, 457
 514, 433, 430, 324
 515, 618, 595, 537
 516, 431, 325, 429
 517, 427, 425, 327
 518, 327, 136, 326
 519, 405, 250, 282
 520, 327, 321, 142
 521, 394, 386, 291
 522, 328, 145, 138
 523, 403, 294, 397
 524, 329, 146, 145
 525, 397, 295, 388
 526, 330, 151, 146
 527, 331, 149, 152
 528, 336, 152, 156
 529, 332, 153, 147
 530, 333, 147, 159
 531, 337, 159, 150
 532, 487, 363, 486
 533, 334, 158, 157
 534, 342, 157, 149
 535, 388, 296, 372
 536, 335, 150, 151
 537, 341, 156, 155
 538, 382, 309, 374
 539, 372, 297, 361
 540, 337, 333, 159
 541, 338, 155, 160
 542, 340, 160, 148
 543, 624, 565, 621
 544, 339, 148, 153
 545, 359, 358, 299
 546, 340, 338, 160
 547, 367, 300, 355
 548, 341, 336, 156
 549, 553, 551, 478
 550, 465, 387, 464
 551, 421, 346, 420
 552, 343, 154, 158
 553, 344, 176, 177
 554, 344, 178, 276
 555, 345, 305, 221
 556, 583, 345, 222
 557, 420, 241, 154
 558, 420, 346, 241
 559, 347, 143, 240
 560, 347, 172, 248
 561, 423, 348, 239
 562, 415, 273, 414
 563, 454, 350, 418
 564, 349, 261, 234
 565, 350, 233, 242
 566, 418, 242, 261
 567, 518, 416, 455
 568, 456, 285, 351
 569, 515, 352, 458
 570, 352, 303, 223
 571, 353,  88,  89
 572, 534, 523, 450
 573, 354, 280, 281
 574, 398, 281, 247
 575, 355, 300, 302
 576, 356, 302, 256
 577, 390, 256, 259
 578, 474, 390, 396
 579, 357, 268, 311
 580, 364, 311, 269
 581, 358, 267, 299
 582, 359, 299, 270
 583, 368, 270, 271
 584, 442, 440, 340
 585, 360, 289, 290
 586, 386, 290, 291
 587, 361, 297, 298
 588, 363, 298, 266
 589, 438, 336, 437
 590, 362, 310, 268
 591, 369, 266, 267
 592, 369, 363, 266
 593, 387, 269, 312
 594, 444, 342, 441
 595, 365, 287, 288
 596, 370, 288, 262
 597, 366, 271, 301
 598, 367, 301, 300
 599, 541, 467, 540
 600, 499, 355, 488
 601, 368, 359, 270
 602, 368, 271, 366
 603, 562, 560, 486
 604, 767, 697, 695
 605, 376, 262, 263
 606, 429, 319, 426
 607, 371, 278, 264
 608, 380, 264, 265
 609, 502, 361, 487
 610, 372, 296, 297
 611, 373, 265, 280
 612, 461, 398, 460
 613, 551, 491, 478
 614, 374, 309, 310
 615, 482, 375, 477
 616, 375, 255, 289
 617, 555, 547, 476
 618, 376, 370, 262
 619, 607, 597, 546
 620, 377, 286, 287
 621, 378, 253, 254
 622, 384, 378, 254
 623, 379, 263, 255
 624, 501, 376, 498
 625, 380, 371, 264
 626, 380, 265, 373
 627, 381, 308, 260
 628, 382, 381, 260
 629, 382, 260, 309
 630, 479, 478, 374
 631, 383, 257, 305
 632, 419, 305, 345
 633, 384, 254, 286
 634, 481, 377, 476
 635, 410, 246, 404
 636, 393, 284, 385
 637, 394, 291, 292
 638, 545, 535, 475
 639, 402, 312, 314
 640, 519, 493, 401
 641, 448, 330, 435
 642, 388, 295, 296
 643, 396, 258, 389
 644, 389, 258, 257
 645, 390, 356, 256
 646, 396, 259, 258
 647, 391, 249, 279
 648, 392, 391, 279
 649, 392, 279, 278
 650, 647, 645, 428
 651, 514, 399, 512
 652, 393, 251, 284
 653, 400, 292, 293
 654, 434, 328, 424
 655, 395, 307, 308
 656, 609, 602, 540
 657, 396, 390, 259
 658, 508, 389, 506
 659, 435, 329, 434
 660, 397, 294, 295
 661, 398, 354, 281
 662, 406, 247, 250
 663, 405, 282, 399
 664, 399, 282, 251
 665, 473, 472, 400
 666, 400, 394, 292
 667, 401, 314, 313
 668, 453, 315, 411
 669, 402, 387, 312
 670, 402, 314, 401
 671, 448, 436, 335
 672, 616, 599, 545
 673, 404, 246, 253
 674, 533, 532, 459
 675, 512, 399, 393
 676, 576, 537, 511
 677, 406, 398, 247
 678, 406, 250, 405
 679, 407, 316, 317
 680, 521, 451, 421
 681, 452, 412, 275
 682, 408, 277, 249
 683, 452, 409, 412
 684, 409, 276, 277
 685, 455, 416, 283
 686, 410, 283, 246
 687, 526, 411, 462
 688, 411, 315, 316
 689, 413, 274, 412
 690, 412, 274, 275
 691, 414, 272, 413
 692, 413, 272, 274
 693, 638, 522, 528
 694, 414, 273, 272
 695, 585, 423, 449
 696, 415, 248, 273
 697, 416, 243, 169
 698, 455, 283, 410
 699, 417, 304, 303
 700, 590, 529, 471
 701, 418, 261, 349
 702, 519, 349, 453
 703, 480, 345, 306
 704, 480, 450, 419
 705, 420, 154, 343
 706, 521, 420, 343
 707, 447, 334, 444
 708, 421, 407, 317
 709, 422, 177,  28
 710, 422,  29, 178
 711, 423, 239, 143
 712, 449, 347, 248
 713, 424, 328, 318
 714, 432, 318, 323
 715, 425, 321, 327
 716, 427, 327, 326
 717, 498, 376, 379
 718, 426, 319, 321
 719, 428, 326, 322
 720, 504, 354, 461
 721, 430, 322, 324
 722, 503, 469, 380
 723, 498, 379, 482
 724, 429, 325, 319
 725, 433, 324, 320
 726, 470, 371, 469
 727, 477, 360, 466
 728, 431, 323, 325
 729, 536, 466, 535
 730, 432, 424, 318
 731, 520, 320, 348
 732, 538, 470, 469
 733, 599, 592, 535
 734, 434, 329, 328
 735, 513, 397, 510
 736, 435, 330, 329
 737, 436, 337, 335
 738, 448, 335, 330
 739, 437, 336, 341
 740, 439, 341, 338
 741, 485, 479, 362
 742, 438, 331, 336
 743, 440, 338, 340
 744, 622, 620, 558
 745, 442, 340, 339
 746, 494, 366, 490
 747, 496, 364, 465
 748, 441, 342, 331
 749, 443, 339, 332
 750, 489, 359, 484
 751, 445, 332, 333
 752, 565, 489, 556
 753, 524, 451, 447
 754, 444, 334, 342
 755, 446, 333, 337
 756, 626, 560, 623
 757, 564, 487, 560
 758, 560, 487, 486
 759, 521, 447, 451
 760, 447, 343, 334
 761, 571, 552, 473
 762, 574, 509, 572
 763, 449, 248, 415
 764, 525, 449, 415
 765, 506, 383, 450
 766, 450, 383, 419
 767, 462, 407, 451
 768, 451, 407, 421
 769, 452, 275, 344
 770, 452, 276, 409
 771, 519, 454, 418
 772, 453, 349, 315
 773, 454, 401, 313
 774, 454, 313, 350
 775, 527, 410, 463
 776, 518, 456, 351
 777, 456, 252, 285
 778, 518, 351, 416
 779, 516, 505, 414
 780, 492, 391, 392
 781, 458, 352, 307
 782, 529, 395, 471
 783, 666, 594, 597
 784, 500, 378, 384
 785, 460, 398, 406
 786, 511, 406, 405
 787, 682, 605, 669
 788, 461, 354, 398
 789, 493, 464, 402
 790, 462, 411, 407
 791, 512, 393, 507
 792, 463, 410, 404
 793, 598, 596, 531
 794, 464, 387, 402
 795, 559, 496, 543
 796, 465, 364, 387
 797, 466, 360, 386
 798, 475, 386, 394
 799, 467, 356, 390
 800, 563, 474, 508
 801, 468, 353, 304
 802, 468, 304, 417
 803, 469, 371, 380
 804, 503, 380, 373
 805, 668, 659, 591
 806, 470, 392, 371
 807, 471, 395, 381
 808, 491, 381, 382
 809, 472, 394, 400
 810, 473, 400, 403
 811, 513, 403, 397
 812, 552, 545, 472
 813, 508, 396, 389
 814, 563, 540, 474
 815, 475, 466, 386
 816, 475, 394, 472
 817, 476, 377, 365
 818, 495, 365, 370
 819, 600, 536, 592
 820, 477, 375, 360
 821, 478, 382, 374
 822, 479, 374, 362
 823, 485, 362, 357
 824, 612, 608, 551
 825, 480, 306, 353
 826, 480, 353, 468
 827, 546, 533, 500
 828, 481, 384, 377
 829, 722, 719, 676
 830, 482, 379, 375
 831, 483, 412, 409
 832, 483, 409, 408
 833, 484, 359, 368
 834, 494, 368, 366
 835, 496, 485, 357
 836, 759, 730, 755
 837, 486, 363, 369
 838, 497, 369, 358
 839, 630, 564, 626
 840, 487, 361, 363
 841, 615, 566, 606
 842, 488, 355, 356
 843, 489, 358, 359
 844, 556, 489, 484
 845, 490, 366, 367
 846, 499, 490, 367
 847, 491, 471, 381
 848, 491, 382, 478
 849, 492, 457, 391
 850, 492, 392, 470
 851, 493, 402, 401
 852, 582, 526, 539
 853, 558, 556, 484
 854, 494, 484, 368
 855, 501, 370, 376
 856, 610, 607, 547
 857, 496, 357, 364
 858, 543, 465, 531
 859, 497, 486, 369
 860, 497, 358, 489
 861, 557, 482, 550
 862, 569, 498, 557
 863, 499, 367, 355
 864, 566, 488, 541
 865, 500, 459, 378
 866, 500, 384, 481
 867, 569, 568, 501
 868, 501, 495, 370
 869, 572, 502, 564
 870, 502, 372, 361
 871, 504, 503, 373
 872, 605, 544, 593
 873, 504, 373, 354
 874, 544, 461, 530
 875, 588, 586, 525
 876, 516, 414, 413
 877, 506, 389, 383
 878, 534, 450, 468
 879, 507, 393, 385
 880, 581, 527, 577
 881, 637, 579, 529
 882, 508, 474, 396
 883, 634, 574, 633
 884, 509, 388, 372
 885, 575, 510, 574
 886, 510, 397, 388
 887, 511, 460, 406
 888, 514, 405, 399
 889, 581, 577, 507
 890, 636, 577, 589
 891, 700, 649, 698
 892, 513, 473, 403
 893, 578, 512, 577
 894, 514, 511, 405
 895, 534, 515, 523
 896, 515, 417, 352
 897, 517, 516, 413
 898, 522, 483, 457
 899, 517, 413, 412
 900, 522, 517, 483
 901, 581, 518, 455
 902, 518, 385, 456
 903, 582, 519, 453
 904, 519, 401, 454
 905, 520, 433, 320
 906, 586, 585, 525
 907, 521, 421, 420
 908, 521, 343, 447
 909, 528, 457, 492
 910, 580, 516, 522
 911, 573, 506, 523
 912, 523, 506, 450
 913, 524, 462, 451
 914, 707, 447, 444
 915, 525, 415, 505
 916, 588, 505, 580
 917, 526, 453, 411
 918, 711, 661, 462
 919, 527, 455, 410
 920, 589, 463, 532
 921, 549, 492, 470
 922, 659, 580, 638
 923, 529, 458, 395
 924, 590, 471, 548
 925, 537, 460, 511
 926, 723, 673, 682
 927, 531, 465, 464
 928, 539, 531, 464
 929, 532, 463, 459
 930, 533, 459, 500
 931, 546, 500, 481
 932, 597, 594, 533
 933, 534, 468, 417
 934, 534, 417, 515
 935, 664, 663, 592
 936, 535, 466, 475
 937, 726, 677, 715
 938, 536, 477, 466
 939, 537, 530, 460
 940, 576, 511, 514
 941, 542, 469, 503
 942, 641, 433, 584
 943, 539, 464, 493
 944, 661, 598, 539
 945, 678, 675, 602
 946, 540, 467, 474
 947, 627, 567, 615
 948, 541, 488, 467
 949, 570, 503, 504
 950, 611, 542, 570
 951, 721, 670, 714
 952, 543, 496, 465
 953, 544, 504, 461
 954, 593, 544, 530
 955, 552, 472, 473
 956, 664, 639, 663
 957, 547, 481, 476
 958, 716, 713, 665
 959, 555, 476, 495
 960, 676, 672, 607
 961, 692, 678, 609
 962, 548, 471, 491
 963, 549, 528, 492
 964, 549, 470, 538
 965, 613, 550, 600
 966, 550, 482, 477
 967, 553, 478, 479
 968, 773, 746, 769
 969, 571, 473, 513
 970, 698, 649, 679
 971, 554, 479, 485
 972, 614, 612, 553
 973, 559, 554, 485
 974, 617, 559, 604
 975, 568, 495, 501
 976, 619, 610, 555
 977, 558, 484, 494
 978, 764, 736, 735
 979, 677, 600, 663
 980, 557, 498, 482
 981, 561, 494, 490
 982, 622, 558, 561
 983, 559, 485, 496
 984, 604, 543, 596
 985, 562, 486, 497
 986, 697, 623, 695
 987, 567, 490, 499
 988, 735, 690, 734
 989, 565, 562, 497
 990, 624, 562, 565
 991, 573, 563, 508
 992, 637, 529, 590
 993, 702, 633, 630
 994, 564, 502, 487
 995, 565, 497, 489
 996, 621, 556, 620
 997, 566, 499, 488
 998, 606, 541, 602
 999, 567, 561, 490
1000, 567, 499, 566
1001, 568, 555, 495
1002, 569, 501, 498
1003, 625, 557, 613
1004, 763, 760, 738
1005, 570, 542, 503
1006, 570, 504, 544
1007, 575, 513, 510
1008, 629, 616, 552
1009, 633, 572, 630
1010, 572, 509, 502
1011, 573, 508, 506
1012, 587, 523, 515
1013, 706, 633, 702
1014, 574, 510, 509
1015, 632, 629, 571
1016, 575, 571, 513
1017, 578, 514, 512
1018, 742, 705, 594
1019, 577, 512, 507
1020, 589, 577, 527
1021, 705, 636, 589
1022, 578, 576, 514
1023, 587, 515, 579
1024, 579, 515, 458
1025, 586, 584, 520
1026, 580, 505, 516
1027, 581, 507, 518
1028, 581, 455, 527
1029, 582, 493, 519
1030, 582, 453, 526
1031, 583, 222,  86
1032, 583,  87, 306
1033, 668, 591, 603
1034, 584, 433, 520
1035, 585, 348, 423
1036, 585, 449, 525
1037, 586, 520, 585
1038, 588, 525, 505
1039, 631, 573, 587
1040, 587, 573, 523
1041, 659, 638, 591
1042, 660, 586, 588
1043, 589, 527, 463
1044, 705, 532, 594
1045, 662, 548, 608
1046, 692, 631, 637
1047, 591, 528, 549
1048, 603, 549, 538
1049, 599, 535, 545
1050, 715, 639, 648
1051, 595, 530, 537
1052, 713, 669, 665
1053, 594, 532, 533
1054, 597, 533, 546
1055, 595, 593, 530
1056, 618, 537, 576
1057, 714, 707, 656
1058, 745, 667, 711
1059, 607, 546, 547
1060, 672, 666, 597
1061, 711, 667, 598
1062, 598, 531, 539
1063, 616, 545, 552
1064, 679, 640, 664
1065, 648, 639, 432
1066, 600, 550, 536
1067, 647, 430, 641
1068, 601, 538, 542
1069, 680, 606, 675
1070, 602, 541, 540
1071, 603, 591, 549
1072, 603, 538, 601
1073, 686, 617, 683
1074, 604, 559, 543
1075, 605, 570, 544
1076, 669, 593, 665
1077, 746, 684, 729
1078, 606, 566, 541
1079, 610, 547, 555
1080, 719, 717, 672
1081, 769, 729, 757
1082, 608, 548, 551
1083, 631, 609, 563
1084, 781, 703, 740
1085, 619, 555, 568
1086, 644, 425, 643
1087, 611, 601, 542
1088, 611, 570, 605
1089, 614, 553, 554
1090, 653, 437, 651
1091, 688, 613, 677
1092, 613, 557, 550
1093, 617, 614, 554
1094, 683, 604, 670
1095, 728, 680, 724
1096, 615, 567, 566
1097, 629, 552, 571
1098, 679, 649, 640
1099, 617, 554, 559
1100, 670, 596, 667
1101, 635, 618, 576
1102, 742, 737, 701
1103, 628, 568, 569
1104, 693, 681, 619
1105, 690, 689, 620
1106, 620, 556, 558
1107, 624, 623, 562
1108, 621, 565, 556
1109, 627, 622, 561
1110, 691, 627, 687
1111, 767, 658, 697
1112, 623, 560, 562
1113, 694, 621, 689
1114, 739, 695, 694
1115, 696, 625, 688
1116, 625, 569, 557
1117, 708, 702, 699
1118, 626, 564, 560
1119, 627, 561, 567
1120, 687, 615, 680
1121, 628, 619, 568
1122, 628, 569, 625
1123, 632, 571, 575
1124, 700, 698, 629
1125, 708, 699, 658
1126, 630, 572, 564
1127, 631, 563, 573
1128, 637, 631, 587
1129, 634, 575, 574
1130, 743, 700, 704
1131, 710, 704, 706
1132, 633, 574, 572
1133, 706, 634, 633
1134, 634, 632, 575
1135, 635, 576, 578
1136, 636, 635, 578
1137, 636, 578, 577
1138, 705, 589, 532
1139, 637, 587, 579
1140, 703, 692, 637
1141, 638, 580, 522
1142, 638, 528, 591
1143, 639, 424, 432
1144, 648, 432, 431
1145, 640, 434, 424
1146, 640, 424, 639
1147, 641, 430, 433
1148, 709, 584, 660
1149, 642, 429, 426
1150, 644, 426, 425
1151, 643, 425, 427
1152, 645, 643, 427
1153, 681, 676, 610
1154, 644, 642, 426
1155, 645, 427, 428
1156, 647, 428, 430
1157, 646, 431, 429
1158, 646, 429, 642
1159, 744, 718, 741
1160, 673, 671, 601
1161, 648, 431, 646
1162, 715, 677, 663
1163, 649, 435, 434
1164, 649, 434, 640
1165, 650, 441, 438
1166, 653, 438, 437
1167, 651, 437, 439
1168, 652, 651, 439
1169, 652, 439, 440
1170, 654, 652, 440
1171, 685, 684, 612
1172, 653, 650, 438
1173, 654, 440, 442
1174, 655, 654, 442
1175, 655, 442, 443
1176, 657, 655, 443
1177, 656, 444, 441
1178, 656, 441, 650
1179, 657, 443, 445
1180, 658, 657, 445
1181, 658, 445, 446
1182, 794, 436, 710
1183, 709, 659, 668
1184, 659, 588, 580
1185, 660, 584, 586
1186, 660, 588, 659
1187, 661, 526, 462
1188, 711, 462, 524
1189, 662, 590, 548
1190, 712, 608, 684
1191, 663, 600, 592
1192, 664, 592, 599
1193, 679, 664, 599
1194, 664, 640, 639
1195, 665, 593, 595
1196, 674, 595, 618
1197, 672, 597, 607
1198, 765, 737, 717
1199, 667, 596, 598
1200, 745, 714, 667
1201, 671, 603, 601
1202, 744, 741, 709
1203, 791, 782, 647
1204, 669, 605, 593
1205, 755, 730, 721
1206, 670, 604, 596
1207, 673, 601, 611
1208, 791, 718, 750
1209, 676, 607, 610
1210, 747, 713, 716
1211, 682, 673, 611
1212, 752, 750, 723
1213, 674, 665, 595
1214, 701, 674, 618
1215, 725, 724, 675
1216, 675, 606, 602
1217, 681, 610, 619
1218, 765, 749, 747
1219, 726, 688, 677
1220, 677, 613, 600
1221, 678, 602, 609
1222, 781, 725, 678
1223, 679, 599, 616
1224, 698, 679, 616
1225, 756, 724, 754
1226, 680, 615, 606
1227, 693, 619, 628
1228, 760, 753, 727
1229, 682, 611, 605
1230, 720, 669, 713
1231, 759, 757, 731
1232, 683, 617, 604
1233, 684, 608, 612
1234, 685, 612, 614
1235, 686, 685, 614
1236, 731, 686, 730
1237, 686, 614, 617
1238, 730, 683, 721
1239, 761, 734, 732
1240, 687, 627, 615
1241, 763, 738, 733
1242, 688, 625, 613
1243, 689, 621, 620
1244, 690, 620, 622
1245, 691, 690, 622
1246, 734, 691, 732
1247, 691, 622, 627
1248, 732, 687, 728
1249, 692, 609, 631
1250, 703, 637, 590
1251, 696, 693, 628
1252, 738, 693, 696
1253, 739, 736, 655
1254, 694, 624, 621
1255, 695, 623, 624
1256, 695, 624, 694
1257, 696, 628, 625
1258, 733, 688, 726
1259, 699, 697, 658
1260, 697, 626, 623
1261, 698, 616, 629
1262, 700, 629, 632
1263, 699, 630, 626
1264, 699, 626, 697
1265, 704, 700, 632
1266, 743, 649, 700
1267, 701, 618, 635
1268, 705, 701, 635
1269, 702, 630, 699
1270, 706, 704, 634
1271, 703, 590, 662
1272, 740, 662, 712
1273, 743, 704, 448
1274, 704, 632, 634
1275, 742, 594, 666
1276, 705, 635, 636
1277, 794, 710, 706
1278, 794, 706, 702
1279, 745, 447, 707
1280, 707, 444, 656
1281, 708, 658, 446
1282, 708, 446, 436
1283, 709, 641, 584
1284, 709, 660, 659
1285, 710, 436, 448
1286, 710, 448, 704
1287, 711, 598, 661
1288, 745, 711, 524
1289, 781, 740, 725
1290, 712, 662, 608
1291, 716, 665, 674
1292, 768, 748, 747
1293, 721, 714, 656
1294, 714, 670, 667
1295, 715, 663, 639
1296, 726, 715, 648
1297, 737, 716, 674
1298, 717, 666, 672
1299, 719, 672, 676
1300, 749, 717, 719
1301, 741, 647, 641
1302, 718, 671, 673
1303, 722, 676, 681
1304, 751, 749, 719
1305, 752, 723, 720
1306, 720, 682, 669
1307, 755, 656, 650
1308, 721, 683, 670
1309, 727, 722, 681
1310, 793, 772, 783
1311, 723, 718, 673
1312, 723, 682, 720
1313, 775, 756, 773
1314, 724, 680, 675
1315, 725, 675, 678
1316, 785, 754, 725
1317, 766, 648, 646
1318, 766, 733, 726
1319, 727, 681, 693
1320, 792, 774, 760
1321, 758, 728, 756
1322, 728, 687, 680
1323, 775, 773, 769
1324, 729, 684, 685
1325, 777, 759, 776
1326, 730, 686, 683
1327, 731, 729, 685
1328, 731, 685, 686
1329, 779, 762, 761
1330, 732, 691, 687
1331, 763, 646, 642
1332, 733, 696, 688
1333, 762, 735, 734
1334, 734, 690, 691
1335, 764, 655, 736
1336, 735, 689, 690
1337, 739, 655, 657
1338, 736, 689, 735
1339, 737, 674, 701
1340, 737, 666, 717
1341, 738, 727, 693
1342, 738, 696, 733
1343, 767, 739, 657
1344, 739, 694, 736
1345, 740, 703, 662
1346, 785, 746, 754
1347, 741, 641, 709
1348, 744, 709, 668
1349, 742, 666, 737
1350, 742, 701, 705
1351, 743, 448, 435
1352, 743, 435, 649
1353, 744, 668, 671
1354, 744, 671, 718
1355, 745, 524, 447
1356, 745, 707, 714
1357, 784, 757, 777
1358, 746, 712, 684
1359, 786, 771, 770
1360, 765, 747, 716
1361, 771, 752, 770
1362, 748, 720, 713
1363, 751, 719, 722
1364, 793, 749, 751
1365, 782, 771, 645
1366, 750, 718, 723
1367, 753, 751, 722
1368, 774, 772, 753
1369, 752, 720, 748
1370, 770, 752, 748
1371, 787, 643, 783
1372, 753, 722, 727
1373, 754, 724, 725
1374, 785, 725, 740
1375, 755, 721, 656
1376, 776, 759, 755
1377, 789, 779, 778
1378, 756, 728, 724
1379, 790, 788, 784
1380, 757, 729, 731
1381, 778, 761, 758
1382, 758, 732, 728
1383, 759, 731, 730
1384, 776, 755, 650
1385, 760, 727, 738
1386, 792, 644, 774
1387, 780, 779, 652
1388, 761, 732, 758
1389, 780, 764, 762
1390, 762, 734, 761
1391, 766, 763, 733
1392, 792, 763, 642
1393, 764, 735, 762
1394, 764, 654, 655
1395, 765, 716, 737
1396, 765, 717, 749
1397, 766, 726, 648
1398, 766, 646, 763
1399, 767, 695, 739
1400, 767, 657, 658
1401, 793, 783, 768
1402, 768, 747, 749
1403, 790, 784, 777
1404, 769, 746, 729
1405, 770, 748, 768
1406, 786, 645, 771
1407, 782, 645, 647
1408, 771, 750, 752
1409, 787, 783, 772
1410, 772, 751, 753
1411, 773, 756, 754
1412, 773, 754, 746
1413, 787, 774, 644
1414, 774, 753, 760
1415, 788, 775, 784
1416, 775, 758, 756
1417, 776, 650, 653
1418, 777, 776, 653
1419, 790, 653, 651
1420, 777, 757, 759
1421, 778, 758, 775
1422, 789, 652, 779
1423, 780, 652, 654
1424, 779, 761, 778
1425, 780, 654, 764
1426, 780, 762, 779
1427, 781, 678, 692
1428, 781, 692, 703
1429, 791, 647, 741
1430, 782, 750, 771
1431, 786, 783, 643
1432, 783, 770, 768
1433, 784, 775, 769
1434, 784, 769, 757
1435, 785, 740, 712
1436, 785, 712, 746
1437, 786, 770, 783
1438, 786, 643, 645
1439, 787, 772, 774
1440, 787, 644, 643
1441, 790, 789, 788
1442, 788, 778, 775
1443, 789, 778, 788
1444, 789, 651, 652
1445, 790, 777, 653
1446, 790, 651, 789
1447, 791, 741, 718
1448, 791, 750, 782
1449, 792, 760, 763
1450, 792, 642, 644
1451, 793, 768, 749
1452, 793, 751, 772
1453, 794, 702, 708
1454, 794, 708, 436
