   1, 297,  19,  20
   2, 186,  22,  23
   3, 310, 298, 193
   4, 188,  53,  54
   5, 182,  35,  36
   6, 261, 144, 255
   7, 171, 164,  84
   8, 232, 189,  75
   9, 299, 296,  95
  10, 388, 385, 296
  11, 246, 112, 113
  12, 326, 238, 191
  13, 213, 188,  54
  14, 192,  53, 188
  15, 295,  52, 192
  16, 212, 211,  48
  17, 291,  21, 247
  18, 445, 298, 443
  19, 247,  22, 186
  20, 260,  14, 137
  21, 194, 193,  24
  22, 268,  26, 195
  23, 531, 419, 530
  24, 196,  27,  28
  25, 196,  28,  29
  26,  28,   2,  29
  27, 196, 195,  27
  28, 583, 197, 464
  29, 198,  32, 187
  30, 426, 344, 279
  31, 200, 199,  34
  32, 200,  35, 182
  33, 201, 182,  36
  34, 202, 201,  37
  35, 203, 202,  38
  36, 604, 491, 602
  37, 204, 203,  39
  38, 206, 205,  41
  39, 206,  42, 183
  40, 183,  42,  43
  41, 301, 292, 207
  42, 209, 208,  45
  43, 210, 209,  46
  44, 413, 318, 407
  45, 579, 463, 212
  46, 212,  49,  50
  47,  50,  49,   3
  48, 214,  55,  56
  49, 301, 207, 208
  50, 215, 214,  56
  51, 216, 215,  57
  52, 217, 216,  58
  53, 401, 323, 395
  54, 218, 217,  59
  55, 219, 218,  60
  56, 221,  62,  63
  57, 221,  63, 165
  58, 165,  63,  64
  59, 304, 222, 280
  60, 222, 165,  64
  61, 223, 222,  65
  62, 224, 223,  66
  63, 225, 224,  67
  64, 226, 225,  68
  65, 227, 226,  69
  66, 228, 227,  70
  67, 229, 228,  71
  68, 230, 229,  72
  69, 231,  74, 189
  70, 365, 359, 158
  71, 150, 149,   8
  72, 478, 475, 355
  73, 234,  77,  78
  74, 233, 232,  76
  75, 532, 524, 402
  76, 155, 128, 127
  77, 168, 167,  80
  78, 336, 168, 272
  79, 169, 168,  81
  80, 543, 420, 526
  81, 156, 152,  10
  82, 163, 130, 129
  83, 337, 172, 173
  84, 173, 172,  86
  85, 174, 173,  87
  86, 175, 174,  88
  87, 176, 175,  89
  88, 177, 176,  90
  89, 178,  92,  93
  90,  92,   4,  93
  91, 178, 177,  91
  92, 236, 235,  98
  93, 236,  99, 185
  94, 342, 174, 175
  95, 704, 674, 566
  96, 237, 100, 101
  97, 471, 362, 361
  98, 238, 102, 191
  99, 241, 105, 106
 100, 161, 157, 132
 101, 161, 132, 131
 102, 364, 152, 353
 103, 428, 417, 330
 104, 242, 184, 107
 105, 245, 110, 111
 106, 151, 133, 148
 107, 339, 338, 249
 108, 339, 180, 276
 109, 246, 190, 112
 110, 246, 113, 114
 111, 113,   5, 114
 112, 500, 384, 387
 113, 248, 117, 179
 114, 179, 117, 118
 115, 249, 118, 119
 116, 250, 120, 121
 117, 250, 121, 181
 118, 477, 367, 474
 119, 277, 250, 181
 120, 160, 135, 134
 121, 123,   6, 135
 122, 146, 124,  13
 123, 154, 124, 146
 124, 158,   7, 153
 125, 149, 127,   8
 126, 155, 127, 149
 127, 147, 129,   9
 128, 163, 129, 147
 129, 152, 131,  10
 130, 161, 131, 152
 131, 148, 133,  11
 132, 159,  12, 151
 133, 160, 134, 159
 134, 136,   1,  19
 135, 297, 136,  19
 136, 260, 137, 257
 137, 199, 187,  33
 138, 381, 259, 377
 139, 380, 252, 375
 140, 265, 254, 141
 141, 220, 219,  61
 142, 255,  18, 253
 143, 456, 345, 290
 144, 266,  13, 145
 145, 154, 153, 125
 146, 162,   9, 128
 147, 170,  83, 164
 148, 157,  11, 132
 149, 243, 242, 108
 150, 150,   8, 126
 151, 234,  78, 166
 152, 158, 126,   7
 153, 415, 348, 405
 154, 251, 181, 122
 155, 151,  12, 133
 156, 156,  10, 130
 157, 239, 191, 103
 158, 153,   7, 125
 159, 154, 125, 124
 160, 515, 442, 513
 161, 368, 354, 154
 162, 336, 167, 168
 163, 162, 128, 155
 164, 163, 156, 130
 165, 172, 171,  85
 166, 241, 106, 184
 167, 157, 148,  11
 168, 365, 153, 354
 169, 158, 150, 126
 170, 277, 276, 250
 171, 159, 134,  12
 172, 251, 123, 135
 173, 251, 135, 160
 174, 327, 239, 240
 175, 240, 239, 104
 176, 167, 166,  79
 177, 162, 147,   9
 178, 340, 169, 170
 179, 436, 429, 341
 180, 164,  83,  84
 181, 171,  84,  85
 182, 222,  64,  65
 183, 379, 376, 258
 184, 166,  78,  79
 185, 167,  79,  80
 186, 168,  80,  81
 187, 363, 155, 357
 188, 169,  81,  82
 189, 526, 429, 525
 190, 170,  82,  83
 191, 170, 169,  82
 192, 273, 170, 164
 193, 340, 170, 273
 194, 172,  85,  86
 195, 341, 171, 269
 196, 173,  86,  87
 197, 452, 270, 444
 198, 174,  87,  88
 199, 342, 175, 274
 200, 175,  88,  89
 201, 235,  97,  98
 202, 176,  89,  90
 203, 308,  97, 235
 204, 177,  90,  91
 205, 465, 308, 386
 206, 178,  91,  92
 207, 580, 296, 385
 208, 580,  93,  94
 209, 296,  94,  95
 210, 245, 111, 190
 211, 244, 243, 109
 212, 180, 119, 120
 213, 338, 289, 179
 214, 181, 121, 122
 215, 949, 160, 159
 216, 201,  36,  37
 217, 259,  15, 256
 218, 207,  43,  44
 219, 205, 204,  40
 220, 184, 106, 107
 221, 242, 107, 108
 222, 185,  99, 100
 223, 622, 621, 507
 224, 193,  23,  24
 225, 187,  32,  33
 226, 199,  33,  34
 227, 310, 193, 194
 228, 208, 207,  44
 229, 213,  54,  55
 230, 189,  74,  75
 231, 232,  75,  76
 232, 190, 111, 112
 233, 581, 384, 246
 234, 191, 102, 103
 235, 239, 103, 104
 236, 211, 210,  47
 237, 192,  52,  53
 238, 193, 186,  23
 239, 194,  24,  25
 240, 268,  25,  26
 241, 567, 511, 462
 242, 195,  26,  27
 243, 464, 197, 278
 244, 583,  29,  30
 245, 197,  30,  31
 246, 198, 197,  31
 247, 278, 197, 198
 248, 198,  31,  32
 249, 343, 187, 275
 250, 736, 647, 729
 251, 344, 200, 279
 252, 200,  34,  35
 253, 377, 256, 373
 254, 202,  37,  38
 255, 311, 305, 202
 256, 203,  38,  39
 257, 259, 139,  15
 258, 204,  39,  40
 259, 312, 311, 203
 260, 205,  40,  41
 261, 313, 312, 204
 262, 314, 183, 292
 263, 314, 206, 183
 264, 206,  41,  42
 265, 315, 206, 314
 266, 207, 183,  43
 267, 208,  44,  45
 268, 209,  45,  46
 269, 652, 529, 555
 270, 210,  46,  47
 271, 317, 188, 302
 272, 211,  47,  48
 273, 399, 317, 302
 274, 212,  48,  49
 275, 565, 463, 461
 276, 579,  50,  51
 277, 579, 295, 463
 278, 214, 213,  55
 279, 435, 321, 418
 280, 215,  56,  57
 281, 321, 215, 306
 282, 216,  57,  58
 283, 322, 217, 303
 284, 217,  58,  59
 285, 265,  16, 252
 286, 218,  59,  60
 287, 323, 303, 218
 288, 219,  60,  61
 289, 331, 220, 221
 290, 220,  61,  62
 291, 262, 142, 254
 292, 221, 220,  62
 293, 262, 258,  17
 294, 376, 371, 253
 295, 262,  17, 142
 296, 223,  65,  66
 297, 536, 396, 534
 298, 224,  66,  67
 299, 345, 224, 290
 300, 225,  67,  68
 301, 266, 145, 261
 302, 226,  68,  69
 303, 346, 226, 281
 304, 227,  69,  70
 305, 497, 378, 488
 306, 228,  70,  71
 307, 347, 227, 228
 308, 229,  71,  72
 309, 347, 228, 282
 310, 230,  72,  73
 311, 335, 229, 230
 312, 231,  73,  74
 313, 231, 230,  73
 314, 596, 479, 586
 315, 348, 231, 189
 316, 233,  76,  77
 317, 349, 232, 233
 318, 234, 233,  77
 319, 408, 402, 349
 320, 350, 166, 271
 321, 350, 285, 234
 322, 334, 176, 177
 323, 236,  98,  99
 324, 294, 236, 185
 325, 325, 236, 294
 326, 237, 185, 100
 327, 238, 237, 101
 328, 238, 101, 102
 329, 326, 191, 307
 330, 240, 104, 105
 331, 431, 427, 327
 332, 241, 240, 105
 333, 327, 307, 239
 334, 328, 241, 184
 335, 329, 241, 328
 336, 243, 108, 109
 337, 330, 242, 286
 338, 244, 109, 110
 339, 351, 243, 244
 340, 245, 244, 110
 341, 453, 450, 351
 342, 387, 384, 288
 343, 352, 245, 190
 344, 581, 114, 115
 345, 288, 116, 248
 346, 575, 257, 297
 347, 247,  21,  22
 348, 248, 116, 117
 349, 289, 248, 179
 350, 249, 179, 118
 351, 249, 119, 180
 352, 360, 358, 151
 353, 250, 180, 120
 354, 251, 122, 123
 355, 267, 251, 160
 356, 252,  16, 140
 357, 263, 140, 139
 358, 253,  18, 143
 359, 258, 143,  17
 360, 254, 142, 141
 361, 265, 141,  16
 362, 571, 451, 456
 363, 255, 144,  18
 364, 256,  15, 138
 365, 264, 138,  14
 366, 257, 137, 136
 367, 575, 297, 291
 368, 331, 221, 293
 369, 258, 253, 143
 370, 729, 647, 645
 371, 263, 139, 259
 372, 577, 310, 467
 373, 264,  14, 260
 374, 512, 504, 447
 375, 261, 145, 144
 376, 395, 324, 392
 377, 324, 323, 219
 378, 332, 201, 305
 379, 263, 252, 140
 380, 333, 186, 298
 381, 264, 256, 138
 382, 551, 401, 549
 383, 322, 306, 216
 384, 370, 369, 266
 385, 266, 146,  13
 386, 267, 181, 251
 387, 358, 159, 151
 388, 268, 194,  25
 389, 567, 464, 278
 390, 362, 163, 361
 391, 269, 171, 172
 392, 270, 173, 174
 393, 440, 342, 274
 394, 357, 149, 355
 395, 271, 166, 167
 396, 363, 162, 155
 397, 272, 168, 169
 398, 341, 273, 164
 399, 471, 361, 469
 400, 274, 175, 176
 401, 506, 455, 448
 402, 275, 187, 199
 403, 344, 199, 200
 404, 276, 180, 250
 405, 498, 457, 277
 406, 277, 181, 267
 407, 949, 159, 358
 408, 567, 462, 464
 409, 343, 278, 198
 410, 279, 200, 182
 411, 332, 182, 201
 412, 280, 222, 223
 413, 345, 223, 224
 414, 369, 368, 146
 415, 281, 226, 227
 416, 442, 335, 416
 417, 282, 228, 229
 418, 416, 283, 415
 419, 283, 230, 231
 420, 359, 355, 150
 421, 284, 189, 232
 422, 409, 408, 285
 423, 285, 233, 234
 424, 360, 148, 356
 425, 286, 242, 243
 426, 287, 244, 245
 427, 454, 453, 287
 428, 581, 288, 384
 429, 288, 115, 116
 430, 338, 179, 249
 431, 501, 460, 459
 432, 290, 224, 225
 433, 346, 290, 225
 434, 291,  20,  21
 435, 466, 247, 333
 436, 292, 183, 207
 437, 422, 301, 316
 438, 293, 221, 165
 439, 304, 293, 165
 440, 309, 185, 237
 441, 448, 309, 404
 442, 295,  51,  52
 443, 461, 192, 317
 444, 580, 385, 178
 445, 299,  95,  96
 446, 297, 257, 136
 447, 297,  20, 291
 448, 383, 260, 374
 449, 298, 186, 193
 450, 308, 299,  96
 451, 568, 505, 388
 452, 404, 300, 403
 453, 300, 237, 238
 454, 316, 208, 209
 455, 302, 188, 213
 456, 320, 213, 214
 457, 321, 320, 214
 458, 303, 217, 218
 459, 323, 218, 219
 460, 304, 165, 222
 461, 400, 396, 304
 462, 305, 201, 202
 463, 311, 202, 203
 464, 306, 215, 216
 465, 322, 216, 217
 466, 427, 412, 307
 467, 307, 191, 239
 468, 308,  96,  97
 469, 386, 235, 325
 470, 309, 294, 185
 471, 309, 237, 300
 472, 467, 194, 268
 473, 414, 278, 343
 474, 312, 203, 204
 475, 491, 381, 489
 476, 313, 204, 205
 477, 391, 313, 389
 478, 315, 205, 206
 479, 563, 390, 423
 480, 641, 519, 631
 481, 390, 389, 315
 482, 496, 380, 494
 483, 315, 313, 205
 484, 316, 301, 208
 485, 318, 209, 210
 486, 565, 555, 407
 487, 317, 192, 188
 488, 318, 316, 209
 489, 319, 318, 210
 490, 319, 210, 211
 491, 463, 319, 211
 492, 320, 302, 213
 493, 321, 214, 215
 494, 418, 306, 411
 495, 435, 424, 320
 496, 406, 303, 401
 497, 411, 322, 406
 498, 324, 219, 220
 499, 382, 254, 372
 500, 331, 324, 220
 501, 496, 372, 380
 502, 505, 438, 334
 503, 325, 235, 236
 504, 412, 403, 326
 505, 326, 300, 238
 506, 329, 240, 241
 507, 367, 161, 364
 508, 330, 328, 184
 509, 544, 432, 520
 510, 364, 161, 152
 511, 329, 327, 240
 512, 330, 184, 242
 513, 480, 356, 477
 514, 393, 392, 331
 515, 382, 262, 254
 516, 487, 373, 486
 517, 332, 279, 182
 518, 683, 576, 485
 519, 333, 247, 186
 520, 334, 274, 176
 521, 385, 334, 177
 522, 335, 282, 229
 523, 335, 230, 283
 524, 366, 162, 363
 525, 336, 271, 167
 526, 337, 269, 172
 527, 337, 173, 270
 528, 618, 508, 617
 529, 450, 428, 286
 530, 339, 249, 180
 531, 502, 501, 459
 532, 421, 340, 420
 533, 340, 272, 169
 534, 341, 164, 171
 535, 452, 449, 337
 536, 342, 270, 174
 537, 503, 325, 455
 538, 343, 198, 187
 539, 419, 343, 275
 540, 426, 279, 410
 541, 344, 275, 199
 542, 378, 255, 371
 543, 345, 280, 223
 544, 346, 225, 226
 545, 484, 483, 369
 546, 441, 439, 281
 547, 347, 281, 227
 548, 348, 283, 231
 549, 348, 189, 284
 550, 349, 284, 232
 551, 349, 233, 285
 552, 350, 234, 166
 553, 437, 336, 430
 554, 351, 286, 243
 555, 351, 244, 287
 556, 352, 287, 245
 557, 384, 352, 190
 558, 353, 152, 156
 559, 362, 156, 163
 560, 354, 153, 154
 561, 368, 154, 146
 562, 355, 149, 150
 563, 359, 150, 158
 564, 356, 148, 157
 565, 367, 157, 161
 566, 556, 430, 421
 567, 357, 155, 149
 568, 949, 498, 267
 569, 360, 151, 148
 570, 365, 158, 153
 571, 405, 284, 402
 572, 630, 517, 618
 573, 482, 358, 360
 574, 361, 163, 147
 575, 366, 147, 162
 576, 429, 420, 273
 577, 362, 353, 156
 578, 476, 357, 475
 579, 556, 421, 543
 580, 559, 553, 412
 581, 474, 364, 470
 582, 481, 479, 365
 583, 596, 593, 478
 584, 430, 272, 421
 585, 366, 361, 147
 586, 432, 328, 417
 587, 367, 356, 157
 588, 369, 146, 266
 589, 714, 636, 628
 590, 370, 266, 261
 591, 775, 707, 769
 592, 378, 261, 255
 593, 447, 346, 439
 594, 371, 255, 253
 595, 376, 253, 258
 596, 372, 254, 265
 597, 380, 265, 252
 598, 373, 256, 264
 599, 383, 264, 260
 600, 374, 260, 257
 601, 683, 575, 466
 602, 375, 252, 263
 603, 381, 263, 259
 604, 379, 258, 262
 605, 396, 393, 293
 606, 410, 332, 394
 607, 377, 259, 256
 608, 456, 290, 447
 609, 378, 370, 261
 610, 382, 379, 262
 611, 538, 393, 536
 612, 397, 312, 391
 613, 380, 372, 265
 614, 489, 377, 487
 615, 381, 375, 263
 616, 734, 732, 651
 617, 493, 492, 379
 618, 625, 577, 511
 619, 383, 373, 264
 620, 384, 190, 246
 621, 387, 288, 248
 622, 385, 177, 178
 623, 388, 296, 299
 624, 386, 308, 235
 625, 616, 455, 506
 626, 387, 248, 289
 627, 458, 289, 338
 628, 505, 385, 388
 629, 465, 299, 308
 630, 389, 313, 315
 631, 390, 315, 314
 632, 423, 314, 292
 633, 539, 535, 389
 634, 494, 375, 491
 635, 391, 312, 313
 636, 392, 324, 331
 637, 393, 331, 293
 638, 396, 293, 304
 639, 492, 490, 376
 640, 394, 332, 305
 641, 398, 305, 311
 642, 549, 395, 546
 643, 395, 323, 324
 644, 400, 304, 280
 645, 490, 488, 371
 646, 397, 311, 312
 647, 647, 537, 645
 648, 398, 394, 305
 649, 398, 311, 397
 650, 519, 399, 424
 651, 424, 302, 320
 652, 451, 280, 345
 653, 678, 650, 534
 654, 496, 495, 372
 655, 401, 303, 323
 656, 402, 284, 349
 657, 408, 349, 285
 658, 403, 300, 326
 659, 412, 326, 307
 660, 621, 506, 507
 661, 404, 309, 300
 662, 479, 478, 359
 663, 405, 348, 284
 664, 741, 656, 735
 665, 406, 322, 303
 666, 407, 318, 319
 667, 565, 461, 555
 668, 409, 285, 350
 669, 542, 409, 518
 670, 434, 350, 271
 671, 642, 542, 635
 672, 425, 419, 275
 673, 410, 279, 332
 674, 672, 561, 554
 675, 411, 306, 322
 676, 427, 307, 327
 677, 559, 427, 552
 678, 422, 316, 413
 679, 413, 316, 318
 680, 419, 414, 343
 681, 467, 268, 462
 682, 481, 354, 468
 683, 415, 283, 348
 684, 768, 713, 709
 685, 416, 335, 283
 686, 417, 328, 330
 687, 428, 330, 286
 688, 433, 423, 292
 689, 418, 321, 306
 690, 425, 275, 344
 691, 600, 485, 576
 692, 420, 340, 273
 693, 429, 273, 341
 694, 473, 469, 366
 695, 421, 272, 340
 696, 433, 292, 301
 697, 433, 301, 422
 698, 557, 423, 433
 699, 423, 390, 314
 700, 424, 399, 302
 701, 435, 320, 321
 702, 426, 425, 344
 703, 815, 679, 758
 704, 558, 394, 548
 705, 609, 486, 600
 706, 431, 327, 329
 707, 552, 431, 544
 708, 450, 286, 351
 709, 662, 547, 614
 710, 436, 341, 269
 711, 472, 362, 471
 712, 644, 632, 521
 713, 430, 336, 272
 714, 432, 431, 329
 715, 716, 705, 626
 716, 432, 329, 328
 717, 517, 428, 508
 718, 528, 422, 413
 719, 522, 433, 422
 720, 434, 409, 350
 721, 437, 434, 271
 722, 631, 519, 523
 723, 561, 435, 418
 724, 449, 269, 337
 725, 545, 507, 404
 726, 437, 271, 336
 727, 663, 543, 643
 728, 440, 274, 438
 729, 438, 274, 334
 730, 439, 346, 281
 731, 441, 281, 347
 732, 455, 294, 448
 733, 444, 342, 440
 734, 446, 347, 282
 735, 483, 468, 368
 736, 442, 282, 335
 737, 715, 709, 629
 738, 486, 383, 485
 739, 443, 298, 310
 740, 514, 509, 449
 741, 444, 270, 342
 742, 683, 374, 575
 743, 445, 333, 298
 744, 446, 441, 347
 745, 446, 282, 442
 746, 456, 451, 345
 747, 447, 290, 346
 748, 448, 294, 309
 749, 507, 448, 404
 750, 449, 436, 269
 751, 452, 337, 270
 752, 453, 351, 287
 753, 547, 454, 499
 754, 571, 456, 504
 755, 451, 400, 280
 756, 704, 682, 674
 757, 569, 444, 440
 758, 454, 287, 352
 759, 614, 499, 458
 760, 500, 454, 352
 761, 499, 387, 289
 762, 568, 566, 438
 763, 455, 325, 294
 764, 612, 488, 601
 765, 574, 451, 571
 766, 459, 276, 457
 767, 457, 276, 277
 768, 460, 338, 339
 769, 460, 339, 459
 770, 459, 339, 276
 771, 763, 702, 701
 772, 578, 460, 501
 773, 460, 458, 338
 774, 461, 295, 192
 775, 555, 461, 317
 776, 462, 268, 195
 777, 464, 462, 195
 778, 463, 211, 212
 779, 463, 295, 461
 780, 464, 195, 196
 781, 583, 464, 196
 782, 465, 388, 299
 783, 573, 386, 503
 784, 466, 291, 247
 785, 576, 333, 445
 786, 511, 467, 462
 787, 467, 310, 194
 788, 468, 354, 368
 789, 483, 368, 369
 790, 469, 361, 366
 791, 473, 366, 363
 792, 470, 364, 353
 793, 472, 353, 362
 794, 595, 590, 472
 795, 620, 509, 619
 796, 525, 436, 509
 797, 472, 470, 353
 798, 476, 363, 357
 799, 521, 518, 434
 800, 520, 417, 517
 801, 474, 367, 364
 802, 475, 357, 355
 803, 478, 355, 359
 804, 594, 475, 593
 805, 476, 473, 363
 806, 699, 588, 686
 807, 477, 356, 367
 808, 479, 359, 365
 809, 640, 638, 524
 810, 481, 365, 354
 811, 527, 405, 524
 812, 686, 588, 587
 813, 480, 360, 356
 814, 629, 623, 513
 815, 634, 629, 540
 816, 950, 582, 498
 817, 482, 360, 480
 818, 484, 369, 370
 819, 570, 446, 515
 820, 497, 370, 378
 821, 564, 512, 439
 822, 679, 600, 576
 823, 485, 383, 374
 824, 681, 577, 625
 825, 486, 373, 383
 826, 558, 410, 394
 827, 487, 377, 373
 828, 488, 378, 371
 829, 490, 371, 376
 830, 548, 398, 537
 831, 489, 381, 377
 832, 492, 376, 379
 833, 608, 492, 603
 834, 537, 397, 533
 835, 491, 375, 381
 836, 493, 379, 382
 837, 732, 730, 648
 838, 495, 382, 372
 839, 546, 392, 538
 840, 535, 533, 391
 841, 494, 380, 375
 842, 730, 649, 648
 843, 495, 493, 382
 844, 606, 494, 604
 845, 551, 550, 406
 846, 627, 512, 624
 847, 497, 484, 370
 848, 498, 277, 267
 849, 950, 358, 482
 850, 500, 499, 454
 851, 499, 289, 458
 852, 500, 352, 384
 853, 500, 387, 499
 854, 510, 508, 450
 855, 502, 459, 457
 856, 582, 502, 457
 857, 588, 482, 480
 858, 573, 568, 465
 859, 503, 386, 325
 860, 504, 456, 447
 861, 512, 447, 439
 862, 505, 334, 385
 863, 568, 388, 465
 864, 507, 506, 448
 865, 514, 449, 452
 866, 545, 404, 403
 867, 694, 595, 693
 868, 508, 428, 450
 869, 510, 450, 453
 870, 595, 471, 589
 871, 509, 436, 449
 872, 547, 510, 453
 873, 711, 662, 676
 874, 657, 625, 531
 875, 625, 511, 531
 876, 564, 439, 441
 877, 611, 599, 484
 878, 513, 442, 416
 879, 540, 416, 415
 880, 572, 452, 444
 881, 675, 514, 572
 882, 585, 584, 468
 883, 515, 446, 442
 884, 516, 445, 443
 885, 530, 419, 425
 886, 597, 474, 592
 887, 517, 417, 428
 888, 518, 409, 434
 889, 521, 434, 437
 890, 528, 522, 422
 891, 523, 424, 435
 892, 776, 712, 765
 893, 520, 432, 417
 894, 562, 437, 430
 895, 598, 476, 594
 896, 554, 418, 411
 897, 557, 433, 522
 898, 523, 519, 424
 899, 554, 411, 550
 900, 524, 405, 402
 901, 532, 402, 408
 902, 643, 526, 639
 903, 525, 429, 436
 904, 639, 525, 620
 905, 526, 420, 429
 906, 586, 481, 584
 907, 527, 415, 405
 908, 529, 528, 413
 909, 762, 641, 631
 910, 529, 413, 407
 911, 555, 529, 407
 912, 541, 425, 426
 913, 541, 530, 425
 914, 531, 511, 414
 915, 531, 414, 419
 916, 542, 532, 408
 917, 635, 518, 632
 918, 533, 397, 391
 919, 535, 391, 389
 920, 534, 396, 400
 921, 574, 400, 451
 922, 539, 389, 390
 923, 878, 839, 877
 924, 651, 536, 650
 925, 536, 393, 396
 926, 844, 792, 839
 927, 537, 398, 397
 928, 876, 838, 875
 929, 538, 392, 393
 930, 563, 423, 557
 931, 671, 563, 557
 932, 540, 513, 416
 933, 540, 415, 527
 934, 560, 426, 410
 935, 670, 560, 558
 936, 542, 408, 409
 937, 697, 696, 598
 938, 591, 589, 469
 939, 543, 421, 420
 940, 592, 470, 590
 941, 544, 431, 432
 942, 553, 403, 412
 943, 626, 622, 545
 944, 605, 603, 493
 945, 546, 395, 392
 946, 547, 453, 454
 947, 662, 617, 510
 948, 660, 548, 647
 949, 548, 394, 398
 950, 607, 496, 606
 951, 549, 401, 395
 952, 550, 411, 406
 953, 551, 406, 401
 954, 656, 549, 649
 955, 735, 649, 730
 956, 780, 770, 716
 957, 552, 427, 431
 958, 553, 545, 403
 959, 559, 412, 427
 960, 667, 550, 658
 961, 561, 418, 554
 962, 555, 317, 399
 963, 652, 555, 399
 964, 747, 663, 731
 965, 562, 430, 556
 966, 641, 637, 528
 967, 671, 557, 653
 968, 610, 487, 609
 969, 560, 410, 558
 970, 646, 544, 633
 971, 665, 552, 646
 972, 666, 661, 541
 973, 560, 541, 426
 974, 561, 523, 435
 975, 762, 727, 728
 976, 725, 720, 632
 977, 562, 521, 437
 978, 664, 659, 539
 979, 563, 539, 390
 980, 570, 564, 441
 981, 599, 585, 483
 982, 565, 407, 319
 983, 565, 319, 463
 984, 569, 440, 566
 985, 566, 440, 438
 986, 567, 278, 414
 987, 567, 414, 511
 988, 568, 438, 505
 989, 573, 465, 386
 990, 760, 757, 674
 991, 572, 444, 569
 992, 570, 441, 446
 993, 628, 515, 623
 994, 612, 611, 497
 995, 673, 504, 627
 996, 677, 572, 569
 997, 572, 514, 452
 998, 682, 503, 616
 999, 704, 568, 573
1000, 680, 571, 673
1001, 574, 534, 400
1002, 575, 374, 257
1003, 575, 291, 466
1004, 576, 466, 333
1005, 679, 445, 516
1006, 577, 443, 310
1007, 577, 467, 511
1008, 578, 458, 460
1009, 676, 501, 615
1010, 579, 212,  50
1011, 579,  51, 295
1012, 580, 178,  93
1013, 580,  94, 296
1014, 581, 246, 114
1015, 581, 115, 288
1016, 582, 457, 498
1017, 588, 480, 587
1018, 583, 196,  29
1019, 583,  30, 197
1020, 584, 481, 468
1021, 585, 468, 483
1022, 599, 483, 484
1023, 713, 623, 709
1024, 638, 634, 527
1025, 586, 479, 481
1026, 587, 480, 477
1027, 597, 477, 474
1028, 613, 582, 588
1029, 588, 582, 482
1030, 589, 471, 469
1031, 591, 469, 473
1032, 590, 470, 472
1033, 595, 472, 471
1034, 598, 473, 476
1035, 669, 556, 663
1036, 633, 520, 630
1037, 592, 474, 470
1038, 593, 475, 478
1039, 596, 478, 479
1040, 692, 593, 691
1041, 594, 476, 475
1042, 706, 622, 705
1043, 693, 589, 689
1044, 688, 586, 685
1045, 778, 777, 719
1046, 702, 618, 701
1047, 597, 587, 477
1048, 869, 594, 692
1049, 598, 591, 473
1050, 611, 484, 497
1051, 771, 714, 713
1052, 916, 887, 884
1053, 600, 486, 485
1054, 601, 488, 490
1055, 608, 490, 492
1056, 602, 491, 489
1057, 610, 489, 487
1058, 603, 492, 493
1059, 605, 493, 495
1060, 655, 645, 533
1061, 604, 494, 491
1062, 607, 495, 496
1063, 649, 546, 648
1064, 659, 655, 535
1065, 606, 496, 494
1066, 658, 551, 656
1067, 607, 605, 495
1068, 810, 790, 734
1069, 608, 601, 490
1070, 661, 657, 530
1071, 609, 487, 486
1072, 670, 558, 660
1073, 610, 602, 489
1074, 612, 497, 488
1075, 723, 624, 707
1076, 680, 678, 574
1077, 753, 627, 723
1078, 615, 502, 613
1079, 613, 502, 582
1080, 614, 547, 499
1081, 614, 458, 578
1082, 860, 821, 765
1083, 615, 501, 502
1084, 616, 503, 455
1085, 700, 506, 621
1086, 617, 508, 510
1087, 662, 510, 547
1088, 687, 686, 587
1089, 618, 517, 508
1090, 619, 509, 514
1091, 677, 675, 572
1092, 822, 772, 767
1093, 620, 525, 509
1094, 622, 507, 545
1095, 766, 706, 705
1096, 626, 545, 553
1097, 770, 705, 716
1098, 623, 515, 513
1099, 629, 513, 540
1100, 624, 512, 564
1101, 636, 564, 570
1102, 657, 531, 530
1103, 681, 443, 577
1104, 668, 553, 559
1105, 770, 766, 705
1106, 811, 723, 775
1107, 627, 504, 512
1108, 771, 769, 714
1109, 628, 570, 515
1110, 634, 540, 527
1111, 768, 685, 684
1112, 712, 630, 702
1113, 630, 520, 517
1114, 727, 631, 654
1115, 654, 523, 561
1116, 632, 518, 521
1117, 644, 521, 562
1118, 695, 592, 690
1119, 633, 544, 520
1120, 638, 527, 524
1121, 777, 685, 773
1122, 721, 635, 720
1123, 635, 542, 518
1124, 636, 624, 564
1125, 636, 570, 628
1126, 653, 522, 637
1127, 637, 522, 528
1128, 640, 524, 532
1129, 722, 719, 638
1130, 772, 708, 767
1131, 639, 526, 525
1132, 642, 640, 532
1133, 691, 596, 688
1134, 641, 528, 529
1135, 652, 641, 529
1136, 642, 532, 542
1137, 783, 778, 722
1138, 731, 643, 718
1139, 643, 543, 526
1140, 669, 562, 556
1141, 747, 737, 669
1142, 645, 537, 533
1143, 655, 533, 535
1144, 738, 646, 724
1145, 646, 552, 544
1146, 792, 729, 789
1147, 647, 548, 537
1148, 648, 546, 538
1149, 651, 538, 536
1150, 791, 730, 788
1151, 649, 549, 546
1152, 650, 536, 534
1153, 678, 534, 574
1154, 790, 732, 734
1155, 651, 648, 538
1156, 652, 399, 519
1157, 652, 519, 641
1158, 653, 557, 522
1159, 742, 727, 654
1160, 654, 631, 523
1161, 667, 554, 550
1162, 659, 535, 539
1163, 733, 729, 645
1164, 795, 735, 791
1165, 656, 551, 549
1166, 809, 657, 751
1167, 661, 530, 541
1168, 745, 658, 741
1169, 658, 550, 551
1170, 664, 539, 563
1171, 739, 733, 655
1172, 851, 806, 805
1173, 660, 558, 548
1174, 666, 541, 560
1175, 751, 661, 743
1176, 662, 614, 578
1177, 676, 662, 578
1178, 663, 556, 543
1179, 718, 639, 708
1180, 671, 664, 563
1181, 746, 664, 671
1182, 784, 724, 776
1183, 665, 559, 552
1184, 670, 666, 560
1185, 752, 666, 670
1186, 745, 667, 658
1187, 672, 554, 667
1188, 668, 626, 553
1189, 668, 559, 665
1190, 786, 782, 725
1191, 669, 644, 562
1192, 749, 660, 736
1193, 752, 670, 749
1194, 762, 728, 637
1195, 746, 671, 740
1196, 787, 728, 727
1197, 672, 654, 561
1198, 812, 753, 811
1199, 673, 571, 504
1200, 677, 569, 674
1201, 674, 569, 566
1202, 717, 703, 619
1203, 675, 619, 514
1204, 676, 578, 501
1205, 710, 615, 699
1206, 819, 700, 764
1207, 755, 717, 675
1208, 680, 574, 571
1209, 754, 734, 650
1210, 679, 576, 445
1211, 809, 758, 516
1212, 756, 673, 753
1213, 759, 680, 756
1214, 681, 516, 443
1215, 681, 625, 657
1216, 682, 573, 503
1217, 819, 760, 700
1218, 683, 485, 374
1219, 683, 466, 576
1220, 684, 584, 585
1221, 698, 684, 585
1222, 685, 586, 584
1223, 685, 584, 684
1224, 699, 613, 588
1225, 687, 587, 597
1226, 695, 597, 592
1227, 763, 701, 710
1228, 719, 715, 634
1229, 688, 596, 586
1230, 689, 589, 591
1231, 696, 689, 591
1232, 690, 592, 590
1233, 694, 590, 595
1234, 726, 642, 721
1235, 691, 593, 596
1236, 781, 721, 720
1237, 692, 594, 593
1238, 767, 708, 703
1239, 693, 595, 589
1240, 708, 620, 703
1241, 946, 590, 694
1242, 724, 633, 712
1243, 919, 597, 695
1244, 696, 591, 598
1245, 697, 598, 594
1246, 869, 830, 828
1247, 782, 781, 720
1248, 698, 585, 599
1249, 761, 698, 599
1250, 711, 710, 701
1251, 699, 615, 613
1252, 700, 616, 506
1253, 764, 621, 706
1254, 701, 618, 617
1255, 711, 701, 617
1256, 765, 712, 702
1257, 702, 630, 618
1258, 703, 620, 619
1259, 717, 619, 675
1260, 704, 566, 568
1261, 704, 573, 682
1262, 705, 622, 626
1263, 716, 626, 668
1264, 892, 831, 808
1265, 706, 621, 622
1266, 775, 769, 761
1267, 707, 624, 636
1268, 824, 772, 822
1269, 708, 639, 620
1270, 709, 623, 629
1271, 715, 629, 634
1272, 710, 676, 615
1273, 763, 710, 699
1274, 711, 617, 662
1275, 711, 676, 710
1276, 821, 776, 765
1277, 712, 633, 630
1278, 771, 768, 684
1279, 713, 628, 623
1280, 714, 707, 636
1281, 714, 628, 713
1282, 719, 634, 638
1283, 777, 773, 715
1284, 748, 668, 665
1285, 825, 770, 780
1286, 755, 675, 677
1287, 819, 808, 755
1288, 779, 718, 772
1289, 718, 643, 639
1290, 722, 638, 640
1291, 778, 719, 722
1292, 720, 635, 632
1293, 725, 632, 644
1294, 948, 829, 691
1295, 721, 642, 635
1296, 726, 722, 640
1297, 948, 688, 778
1298, 858, 812, 811
1299, 723, 627, 624
1300, 872, 832, 868
1301, 724, 646, 633
1302, 737, 644, 669
1303, 870, 828, 833
1304, 726, 640, 642
1305, 785, 721, 781
1306, 787, 727, 742
1307, 742, 654, 672
1308, 740, 653, 728
1309, 728, 653, 637
1310, 733, 645, 655
1311, 839, 792, 789
1312, 732, 648, 651
1313, 838, 788, 836
1314, 835, 833, 786
1315, 731, 663, 643
1316, 734, 651, 650
1317, 790, 788, 732
1318, 739, 655, 659
1319, 796, 733, 739
1320, 754, 650, 678
1321, 854, 836, 790
1322, 804, 745, 803
1323, 735, 656, 649
1324, 798, 736, 792
1325, 736, 660, 647
1326, 737, 725, 644
1327, 747, 669, 663
1328, 832, 784, 826
1329, 738, 665, 646
1330, 744, 659, 664
1331, 796, 789, 733
1332, 746, 744, 664
1333, 740, 671, 653
1334, 750, 667, 745
1335, 741, 658, 656
1336, 750, 672, 667
1337, 800, 787, 742
1338, 807, 751, 743
1339, 743, 661, 666
1340, 802, 744, 746
1341, 744, 739, 659
1342, 803, 741, 795
1343, 803, 745, 741
1344, 837, 728, 787
1345, 802, 746, 799
1346, 793, 731, 779
1347, 840, 793, 827
1348, 748, 716, 668
1349, 748, 665, 738
1350, 805, 749, 798
1351, 749, 670, 660
1352, 841, 787, 800
1353, 750, 742, 672
1354, 809, 751, 807
1355, 751, 657, 661
1356, 806, 752, 805
1357, 752, 743, 666
1358, 856, 813, 812
1359, 753, 673, 627
1360, 759, 678, 680
1361, 855, 854, 810
1362, 757, 755, 677
1363, 892, 764, 818
1364, 813, 756, 812
1365, 756, 680, 673
1366, 757, 677, 674
1367, 760, 674, 682
1368, 816, 758, 807
1369, 758, 679, 516
1370, 814, 759, 813
1371, 759, 754, 678
1372, 760, 682, 616
1373, 760, 616, 700
1374, 761, 599, 611
1375, 817, 761, 611
1376, 762, 637, 641
1377, 762, 631, 727
1378, 763, 699, 686
1379, 947, 894, 860
1380, 764, 700, 621
1381, 818, 706, 766
1382, 765, 702, 763
1383, 865, 826, 821
1384, 901, 895, 863
1385, 774, 767, 703
1386, 774, 703, 717
1387, 864, 822, 863
1388, 773, 768, 709
1389, 771, 684, 698
1390, 769, 707, 714
1391, 769, 698, 761
1392, 780, 716, 748
1393, 825, 820, 770
1394, 771, 698, 769
1395, 771, 713, 768
1396, 866, 824, 864
1397, 772, 718, 708
1398, 773, 685, 768
1399, 773, 709, 715
1400, 808, 774, 717
1401, 901, 831, 861
1402, 817, 811, 775
1403, 775, 723, 707
1404, 868, 826, 865
1405, 776, 724, 712
1406, 777, 688, 685
1407, 777, 715, 719
1408, 783, 722, 726
1409, 778, 688, 777
1410, 874, 840, 871
1411, 779, 731, 718
1412, 794, 748, 738
1413, 867, 825, 834
1414, 782, 720, 725
1415, 830, 829, 785
1416, 786, 725, 737
1417, 833, 782, 786
1418, 785, 783, 726
1419, 948, 783, 829
1420, 784, 738, 724
1421, 826, 776, 821
1422, 785, 726, 721
1423, 830, 785, 781
1424, 797, 737, 747
1425, 833, 828, 782
1426, 837, 799, 740
1427, 800, 742, 750
1428, 875, 838, 836
1429, 788, 730, 732
1430, 907, 878, 877
1431, 789, 729, 733
1432, 810, 734, 754
1433, 889, 888, 854
1434, 842, 791, 838
1435, 791, 735, 730
1436, 882, 850, 844
1437, 792, 736, 729
1438, 793, 747, 731
1439, 827, 779, 824
1440, 794, 780, 748
1441, 794, 738, 784
1442, 879, 842, 876
1443, 795, 741, 735
1444, 801, 739, 744
1445, 843, 839, 789
1446, 797, 786, 737
1447, 797, 747, 793
1448, 850, 798, 844
1449, 798, 749, 736
1450, 802, 801, 744
1451, 799, 746, 740
1452, 804, 750, 745
1453, 849, 841, 800
1454, 848, 801, 802
1455, 801, 796, 739
1456, 841, 799, 837
1457, 848, 802, 845
1458, 847, 795, 842
1459, 852, 803, 847
1460, 852, 849, 804
1461, 804, 800, 750
1462, 859, 816, 853
1463, 805, 752, 749
1464, 816, 815, 758
1465, 806, 743, 752
1466, 809, 807, 758
1467, 807, 743, 806
1468, 808, 717, 755
1469, 892, 819, 764
1470, 809, 516, 681
1471, 809, 681, 657
1472, 814, 754, 759
1473, 855, 810, 814
1474, 858, 817, 611
1475, 811, 753, 723
1476, 891, 612, 601
1477, 812, 756, 753
1478, 857, 813, 856
1479, 813, 759, 756
1480, 891, 890, 857
1481, 814, 810, 754
1482, 815, 609, 600
1483, 815, 600, 679
1484, 853, 807, 806
1485, 859, 815, 816
1486, 817, 775, 761
1487, 858, 611, 612
1488, 818, 764, 706
1489, 861, 766, 820
1490, 819, 755, 757
1491, 819, 757, 760
1492, 820, 766, 770
1493, 896, 864, 863
1494, 860, 765, 763
1495, 919, 894, 687
1496, 823, 822, 767
1497, 896, 863, 895
1498, 823, 767, 774
1499, 831, 823, 774
1500, 900, 871, 866
1501, 824, 779, 772
1502, 834, 780, 794
1503, 867, 862, 825
1504, 919, 899, 865
1505, 826, 784, 776
1506, 905, 874, 904
1507, 827, 793, 779
1508, 869, 692, 830
1509, 828, 781, 782
1510, 829, 692, 691
1511, 829, 783, 785
1512, 830, 781, 828
1513, 830, 692, 829
1514, 831, 774, 808
1515, 861, 831, 818
1516, 902, 867, 872
1517, 832, 794, 784
1518, 835, 786, 797
1519, 873, 833, 835
1520, 834, 825, 780
1521, 834, 794, 832
1522, 840, 835, 797
1523, 873, 870, 833
1524, 935, 932, 915
1525, 836, 788, 790
1526, 837, 740, 728
1527, 841, 837, 787
1528, 915, 906, 875
1529, 838, 791, 788
1530, 843, 789, 796
1531, 909, 882, 878
1532, 840, 797, 793
1533, 871, 840, 827
1534, 845, 799, 841
1535, 849, 800, 804
1536, 945, 941, 943
1537, 842, 795, 791
1538, 846, 796, 801
1539, 881, 843, 846
1540, 912, 884, 882
1541, 844, 798, 792
1542, 883, 881, 846
1543, 845, 802, 799
1544, 883, 846, 848
1545, 846, 843, 796
1546, 908, 876, 906
1547, 847, 803, 795
1548, 848, 846, 801
1549, 893, 880, 845
1550, 893, 841, 849
1551, 852, 804, 803
1552, 884, 851, 850
1553, 850, 805, 798
1554, 851, 805, 850
1555, 887, 853, 851
1556, 886, 847, 879
1557, 885, 849, 852
1558, 853, 816, 807
1559, 853, 806, 851
1560, 854, 790, 810
1561, 933, 918, 889
1562, 857, 814, 813
1563, 890, 889, 855
1564, 858, 856, 812
1565, 891, 857, 856
1566, 890, 601, 608
1567, 857, 855, 814
1568, 858, 811, 817
1569, 917, 858, 612
1570, 859, 610, 609
1571, 859, 609, 815
1572, 947, 763, 686
1573, 947, 687, 894
1574, 861, 818, 766
1575, 895, 820, 862
1576, 862, 820, 825
1577, 936, 920, 896
1578, 863, 822, 823
1579, 901, 863, 823
1580, 897, 864, 896
1581, 864, 824, 822
1582, 894, 865, 821
1583, 899, 868, 865
1584, 924, 904, 900
1585, 866, 827, 824
1586, 903, 868, 899
1587, 902, 898, 867
1588, 923, 922, 902
1589, 868, 832, 826
1590, 870, 869, 828
1591, 869, 697, 594
1592, 870, 696, 697
1593, 870, 697, 869
1594, 905, 696, 873
1595, 871, 827, 866
1596, 872, 867, 834
1597, 872, 834, 832
1598, 874, 873, 835
1599, 873, 696, 870
1600, 874, 835, 840
1601, 904, 874, 871
1602, 888, 875, 836
1603, 906, 876, 875
1604, 910, 907, 877
1605, 876, 842, 838
1606, 910, 877, 881
1607, 877, 839, 843
1608, 929, 912, 909
1609, 878, 844, 839
1610, 883, 848, 880
1611, 879, 847, 842
1612, 880, 848, 845
1613, 893, 885, 880
1614, 926, 908, 906
1615, 881, 877, 843
1616, 882, 844, 878
1617, 916, 912, 602
1618, 911, 880, 885
1619, 942, 940, 926
1620, 887, 610, 859
1621, 884, 850, 882
1622, 886, 852, 847
1623, 886, 885, 852
1624, 914, 879, 908
1625, 911, 885, 886
1626, 887, 859, 853
1627, 887, 851, 884
1628, 918, 915, 888
1629, 888, 836, 854
1630, 889, 854, 855
1631, 918, 608, 603
1632, 933, 890, 608
1633, 890, 855, 857
1634, 917, 891, 856
1635, 891, 601, 890
1636, 892, 818, 831
1637, 892, 808, 819
1638, 893, 845, 841
1639, 893, 849, 885
1640, 919, 687, 597
1641, 894, 821, 860
1642, 895, 861, 820
1643, 936, 895, 862
1644, 936, 898, 920
1645, 937, 920, 922
1646, 921, 900, 897
1647, 897, 866, 864
1648, 898, 862, 867
1649, 922, 920, 898
1650, 944, 695, 690
1651, 944, 923, 903
1652, 900, 866, 897
1653, 925, 924, 693
1654, 901, 823, 831
1655, 901, 861, 895
1656, 903, 902, 872
1657, 946, 939, 923
1658, 903, 872, 868
1659, 944, 903, 899
1660, 925, 905, 904
1661, 904, 871, 900
1662, 905, 689, 696
1663, 905, 873, 874
1664, 942, 932, 605
1665, 934, 931, 913
1666, 928, 907, 910
1667, 927, 909, 907
1668, 913, 883, 911
1669, 908, 879, 876
1670, 909, 878, 907
1671, 929, 602, 912
1672, 934, 911, 914
1673, 928, 927, 907
1674, 911, 883, 880
1675, 914, 911, 886
1676, 912, 882, 909
1677, 916, 602, 610
1678, 913, 910, 881
1679, 913, 881, 883
1680, 914, 886, 879
1681, 930, 908, 926
1682, 915, 875, 888
1683, 935, 605, 932
1684, 916, 610, 887
1685, 916, 884, 912
1686, 917, 612, 891
1687, 917, 856, 858
1688, 935, 918, 603
1689, 918, 888, 889
1690, 919, 695, 899
1691, 919, 865, 894
1692, 939, 938, 937
1693, 920, 897, 896
1694, 938, 924, 921
1695, 921, 897, 920
1696, 922, 898, 902
1697, 939, 937, 922
1698, 923, 902, 903
1699, 946, 923, 944
1700, 924, 900, 921
1701, 925, 693, 689
1702, 925, 689, 905
1703, 925, 904, 924
1704, 932, 926, 906
1705, 943, 931, 940
1706, 941, 604, 927
1707, 929, 927, 604
1708, 940, 931, 930
1709, 943, 941, 928
1710, 929, 909, 927
1711, 929, 604, 602
1712, 934, 930, 931
1713, 930, 914, 908
1714, 931, 928, 910
1715, 931, 910, 913
1716, 932, 906, 915
1717, 942, 605, 607
1718, 933, 608, 918
1719, 933, 889, 890
1720, 934, 913, 911
1721, 934, 914, 930
1722, 935, 915, 918
1723, 935, 603, 605
1724, 936, 896, 895
1725, 936, 862, 898
1726, 938, 694, 693
1727, 937, 921, 920
1728, 938, 693, 924
1729, 938, 921, 937
1730, 939, 922, 923
1731, 939, 694, 938
1732, 940, 930, 926
1733, 945, 943, 940
1734, 941, 606, 604
1735, 941, 927, 928
1736, 945, 942, 607
1737, 942, 926, 932
1738, 943, 928, 931
1739, 945, 940, 942
1740, 944, 899, 695
1741, 946, 944, 690
1742, 945, 607, 606
1743, 945, 606, 941
1744, 946, 690, 590
1745, 946, 694, 939
1746, 947, 860, 763
1747, 947, 686, 687
1748, 948, 691, 688
1749, 948, 778, 783
1750, 949, 267, 160
1751, 950, 949, 358
1752, 950, 498, 949
1753, 950, 482, 582
