1 10 2 11
2 11 3 12
3 12 4 13
4 13 5 14
5 14 7 16
8 17 6 15
9 18 8 17
7 16 9 18
22 24 10 11
11 24 12 25
12 25 13 26
13 26 14 27
14 27 16 28
15 17 19 29
18 30 17 29
16 28 18 30
19 29 20 31
20 31 21 32
23 34 22 24
33 35 23 34
34 36 24 25
27 26 36 25
28 27 37 36
31 29 38 30
38 30 37 28
32 31 39 38
40 41 33 35
35 42 34 36
43 42 41 35
37 36 44 42
38 37 45 44
39 38 46 45
47 48 40 41
43 41 49 48
43 49 42 44
45 44 50 49
46 45 51 50
52 53 47 48
53 54 48 49
50 49 55 54
51 50 56 55
63 66 52 53
66 67 53 54
55 54 68 67
56 55 69 68
57 70 59 71
59 71 58 73
58 73 60 72
60 72 62 74
62 74 61 76
61 76 64 75
64 75 65 77
65 77 63 66
66 77 67 78
68 67 79 78
69 68 80 79
82 81 70 71
81 83 71 73
73 83 72 85
72 85 74 84
74 84 76 86
75 87 77 78
86 87 76 75
79 78 88 87
80 79 89 88
91 90 81 83
92 91 82 81
83 90 85 93
86 84 87 94
93 94 85 84
88 87 95 94
89 88 96 95
90 101 93 100
102 101 91 90
103 102 92 91
93 100 94 104
96 95 97 105
95 94 105 104
97 105 98 106
99 98 107 106
101 108 100 104
109 108 102 101
110 109 103 102
108 111 104 105
105 111 106 112
107 106 113 112
114 111 109 108
115 114 110 109
116 112 114 111
113 112 117 116
118 116 115 114
117 116 119 118
