0   0   
0   0.025000000000000001   
0   0.050000000000000003   
0   0.075000000000000011   
0   0.10000000000000001   
0   0.20000000000000001   
0   0.125   
0   0.17500000000000002   
0   0.15000000000000002   
0.025000000000000622   0   
0.023103826691577845   0.025412898574116674   
0.020974721805872343   0.049606012320210627   
0.019864612167529438   0.071784347767817239   
0.021610052521860303   0.09370178682621641   
0.025000000000000001   0.20000000000000001   
0.024297656107593515   0.11818639023601207   
0.025894897897320003   0.1724558956964124   
0.025889852176663244   0.14491048752873617   
0.050000000000000003   0.20000000000000001   
0.075000000000000011   0.20000000000000001   
0.10000000000000001   0.20000000000000001   
0.050000000000000579   0   
0.075000000000000538   0   
0.046702644881156163   0.026893842782632016   
0.041667234776128326   0.052201116519846338   
0.035201758353074021   0.069161443516143437   
0.045823825183709532   0.082388285164883487   
0.04999780469079447   0.1091711090715549   
0.052652221373762069   0.17013595197578507   
0.053720535718256794   0.13920688626825109   
0.079754110147452331   0.16998579483884632   
0.10340744178246271   0.17411800438544853   
0.10000000000000049   0   
0.071803282103142727   0.028543089691205305   
0.09761978434978176   0.027134821722011072   
0.066819899517562689   0.0628509701004034   
0.078193341774807149   0.096223725222262746   
0.088589584511806263   0.13260133440582766   
0.11339748365198772   0.14999995837809471   
0.12500000000000044   0   
0.12175587216914652   0.026172707239735596   
0.098758306616472724   0.053849322741503947   
0.11870624081256934   0.046390173497447985   
0.10718861684276969   0.080384258349606455   
0.11801994752656371   0.10755965851274206   
0.12928934908913345   0.12928929467356756   
0.15000000000000041   0   
0.14599359569125828   0.027990013915704048   
0.13737678552904137   0.060368965688776588   
0.14471629104969086   0.091379926147187679   
0.150000025023379   0.11339744517430636   
0.17500000000000038   0   
0.17283140261683291   0.028358306404816781   
0.17129918213289019   0.056749907699018179   
0.17245840208280422   0.082756479691106333   
0.17411810645217449   0.10340741443372049   
0.40000000000000002   0   
0.35000000000000009   0   
0.37500000000000006   0   
0.32500000000000012   0   
0.27500000000000019   0   
0.30000000000000016   0   
0.20000000000000032   0   
0.25000000000000022   0   
0.22500000000000028   0   
0.20031293273973896   0.028028827408723134   
0.20046631116096034   0.055339004682491248   
0.20036324457455326   0.080127524112276416   
0.20000000000000001   0.10000000000000001   
0.40000000000000002   0.025000000000000445   
0.3755959118016633   0.024605132723843393   
0.32668489684396151   0.02421351853188556   
0.35116878958457109   0.024354186516914123   
0.30252885087960213   0.023918030369956766   
0.25513747596457614   0.027254573105701532   
0.2792661500952951   0.024527166427178539   
0.22797319475093733   0.028101467294504492   
0.23006182704588693   0.056412733670039551   
0.22855888740535191   0.08259214503012971   
0.22588199561455141   0.10340744178246267   
0.37619318860965756   0.049042389719928484   
0.40000000000000002   0.050000000000000377   
0.35244865424392607   0.048492394870964829   
0.30344760431575035   0.048036533030929002   
0.32830359679247273   0.048714701528171492   
0.2834124468848816   0.042213480737990694   
0.26557404023868142   0.059301068515768822   
0.25732793230274925   0.091197569738484571   
0.25000004162190514   0.11339748365198762   
0.35387718813170516   0.071720517767141723   
0.37662898726435245   0.073115798882154984   
0.40000000000000002   0.075000000000000316   
0.33142632847561093   0.072780305066962911   
0.30285155065585601   0.079417802002941032   
0.28511965351072915   0.10825220016443825   
0.27071070532643254   0.12928934908913345   
0.28660255482569358   0.15000002502337895   
0.29659258556627949   0.17411810645217449   
0.30000000000000004   0.20000000000000001   
0.33702628962977871   0.090017765546093587   
0.35403922779941771   0.093452595263949445   
0.37643431882610678   0.09690428359101276   
0.40000000000000002   0.10000000000000026   
0.32410463773352083   0.10294365151020808   
0.31343109335416375   0.13491865417257462   
0.32077274327454391   0.17082226134717235   
0.32500000000000007   0.20000000000000001   
0.35077397700197516   0.11580392531982936   
0.37537642409497535   0.12117144716767346   
0.40000000000000002   0.12500000000000019   
0.3472764087249291   0.14224942512020741   
0.34780463069358319   0.17126548317897469   
0.35000000000000009   0.20000000000000001   
0.37434129722772519   0.14667588114571412   
0.40000000000000002   0.15000000000000013   
0.37429513438448636   0.17319090281432581   
0.37500000000000011   0.20000000000000001   
0.40000000000000002   0.17500000000000007   
0.40000000000000002   0.20000000000000001   