  1     24     83     84     25
  2     99     42     41     98
  3      9     67     68      5
  4     69      5     68    145
  5     40     97     98     41
  6     70     71      7     51
  7    115    128     96    205
  8     16     72     67      9
  9    152    132    137    160
 10     30     89     90     31
 11     75    208     13     12
 12     76     75     12     52
 13     77     76     52     11
 14     77     11     78    195
 15     17     57    206     10
 16     79     37     36     95
 17     19      1     46    103
 18     19    103    119     20
 19    122    129     99     98
 20     21     80     81     22
 21    134    130     82     81
 22     82     23     22     81
 23     25     84     85     26
 24    121    131     84     83
 25    120    136     86     85
 26     14     74    107     53
 27     29     73     89     30
 28    152    160    186    149
 29     31     90     91     32
 30    133    139     93     92
 31     58     79    126     59
 32      3     50    205     38
 33    168    151    122    124
 34     39     96     97     40
 35     44    101    102     45
 36     45    102    103     46
 37     47      4      8    104
 38      8      7     71    104
 39    128    172    168    124
 40     49    115    205     50
 41     69    106      6      5
 42     54     18     66    108
 43    212    114    113    155
 44    109    110     56     55
 45     58      2     37     79
 46     61     60    117    111
 47    117     60     59    126
 48    190    169    148    140
 49    111    123    141    112
 50     62     61    111    112
 51     66     65    116    108
 52     72     16     15    207
 53     51      6    106     70
 54     15     53     88    207
 55     26     85     86     27
 56     73     29     28     87
 57     87     28     27     86
 58     74     14     13    208
 59     92     33     32     91
 60     78     11     10    206
 61    112    113     63     62
 62     78    206    110    171
 63    108    109     55     54
 64     35     94     95     36
 65     93     34     33     92
 66     80     21     20    119
 67     43    100    101     44
 68    154    130    134    166
 69    164    177    180    163
 70     23     82     83     24
 71    159    158    120    218
 72    136    120    158    118
 73    160    137    161    182
 74    137     89     73    215
 75    133     92     91    138
 76    138     91     90    132
 77     34     93     94     35
 78    140     94     93    139
 79     96     39     38    205
 80    104    105     48     47
 81    124    122     98     97
 82    167    151    176    189
 83    135    134     81     80
 84     42     99    100     43
 85    129    125    100     99
 86    125    127    101    100
 87    127    147    102    101
 88    119    103    102    147
 89    151    168    174    176
 90    128    124     97     96
 91     49     48    105    115
 92    151    167    129    122
 93     88     53    107    182
 94    132    152    149    138
 95    113    114     64     63
 96    116    204    109    108
 97     57     56    110    206
 98    188    195    200    209
 99    116    114    212    204
100     65     64    114    116
101    140    148     95     94
102    215    118    161    137
103     85     84    131    120
104     72    207    181    213
105    132     90     89    137
106     83     82    130    121
107    145     68    146    180
108    214    106     69    142
109    113    112    141    155
110    171    110    109    204
111    150    187    188    209
112    111    117    169    123
113    143    104     71    210
114    142     69    145    197
115    148    126     79     95
116    147    135     80    119
117    115    105    172    128
118    168    172    143    174
119    216    210    144    198
120    138    149    153    133
121    191    190    156    179
122    166    220    175    154
123    173    165    220    166
124    118     87     86    136
125    161    118    158    178
126    161    178     88    182
127    149    186    217    153
128    140    139    156    190
129    148    169    117    126
130    157    141    123    191
131     70    106    214    144
132    199    198    142    197
133    146     68     67    170
134    130    154    164    121
135    170    162    192    146
136    131    163    192    162
137    147    127    173    135
138    184    217    196    211
139    202    185    201    203
140    155    141    150    209
141     74    183    186    107
142    193    194    203    201
143    166    134    135    173
144    197    177    175    199
145     78    171    200    195
146    191    123    169    190
147    219    139    133    153
148    179    219    185    202
149    150    141    157    187
150    178    181    207     88
151    218    162    170    213
152    160    182    107    186
153    163    131    121    164
154    192    163    180    146
155    154    175    177    164
156    127    125    165    173
157    176    198    199    189
158    167    165    125    129
159    170     67     72    213
160    171    204    212    200
161    172    105    104    143
162    174    143    210    216
163    176    174    216    198
164    197    145    180    177
165    198    144    214    142
166    181    178    158    159
167    184    201    185    219
168    217    186    183    196
169     74    208    196    183
170    201    184    211    193
171    188    187    203    194
172    195    188    194     77
173    175    220    189    199
174    165    167    189    220
175    191    179    202    157
176     75     76    193    211
177    194    193     76     77
178    155    209    200    212
179    187    157    202    203
180    208     75    211    196
181    210     71     70    144
182    213    181    159    218
183     73     87    118    215
184    153    217    184    219
185    218    120    131    162
186    156    139    219    179
