      1     0.400000006              0.
      2              0.              0.
      3     0.400000006     0.200000003
      4     0.300000012     0.200000003
      5     0.260373056     0.120281152
      6     0.273974895     0.132711709
      7     0.293267071     0.163927078
      8     0.298302352     0.181652054
      9     0.244721353      0.11055728
     10     0.102062352     0.179795608
     11     0.108164348      0.16042459
     12     0.131324247     0.127311334
     13     0.147426888     0.114934921
     14     0.165698007     0.106067188
     15      0.20567283     0.100161038
     16     0.225727692     0.103366226
     17     0.100000001     0.200000003
     18              0.     0.200000003
     19     0.379999995              0.
     20     0.360000014              0.
     21     0.340000004              0.
     22     0.319999993              0.
     23     0.300000012              0.
     24     0.280000001              0.
     25      0.25999999              0.
     26     0.239999995              0.
     27     0.219999999              0.
     28     0.200000003              0.
     29     0.180000007              0.
     30     0.159999996              0.
     31     0.140000001              0.
     32     0.119999997              0.
     33     0.100000001              0.
     34    0.0799999982              0.
     35    0.0599999987              0.
     36    0.0399999991              0.
     37    0.0199999996              0.
     38     0.400000006     0.180000007
     39     0.400000006     0.159999996
     40     0.400000006     0.140000001
     41     0.400000006     0.119999997
     42     0.400000006     0.100000001
     43     0.400000006    0.0799999982
     44     0.400000006    0.0599999987
     45     0.400000006    0.0399999991
     46     0.400000006    0.0199999996
     47     0.319999993     0.200000003
     48     0.340000004     0.200000003
     49     0.360000014     0.200000003
     50     0.379999995     0.200000003
     51     0.285065085     0.147426888
     52     0.118054293      0.14268595
     53      0.18538399     0.101073906
     54    0.0199999996     0.200000003
     55    0.0399999991     0.200000003
     56    0.0599999987     0.200000003
     57    0.0799999982     0.200000003
     58              0.    0.0199999996
     59              0.    0.0399999991
     60              0.    0.0599999987
     61              0.    0.0799999982
     62              0.     0.100000001
     63              0.     0.119999997
     64              0.     0.140000001
     65              0.     0.159999996
     66              0.     0.180000007
     67     0.247346386    0.0934638008
     68     0.262880653     0.096418649
     69     0.280992746     0.112742491
     70     0.295273244     0.140435725
     71     0.305738986     0.155714437
     72     0.229370177    0.0892296508
     73     0.181831613    0.0159661546
     74     0.155156061    0.0941985026
     75     0.123927847     0.115675487
     76     0.109167814     0.126947641
     77    0.0957919285     0.135453627
     78    0.0825261325     0.160001427
     79    0.0197270922    0.0199350696
     80     0.341708332    0.0180024076
     81     0.322123379    0.0179162845
     82     0.302306056    0.0182831082
     83     0.281926602    0.0192008875
     84     0.260691464    0.0202917457
     85     0.239320442    0.0187866781
     86     0.219873533    0.0160459541
     87     0.200788483     0.016486764
     88     0.193981707    0.0788194463
     89     0.163135752    0.0179383382
     90     0.143273011    0.0184047967
     91     0.122827843    0.0192682371
     92     0.102417946    0.0210745484
     93    0.0816851035    0.0222979821
     94    0.0604148023    0.0211465396
     95    0.0397247002    0.0202436112
     96     0.380933911     0.159502625
     97     0.381399542     0.138952762
     98     0.381439388     0.118623443
     99     0.381360382    0.0983006358
    100     0.381321073    0.0781460479
    101     0.381318778    0.0582552515
    102     0.381158084    0.0385652557
    103     0.380756766    0.0191012491
    104     0.319442987     0.173938319
    105     0.341067463     0.177563369
    106     0.286070406     0.126791924
    107     0.166309536    0.0827204064
    108    0.0201951172     0.179501399
    109    0.0404155701      0.17933929
    110    0.0608517081     0.179287866
    111    0.0199164916    0.0798755884
    112    0.0208582859     0.100158095
    113    0.0203708727     0.120259315
    114    0.0200858135     0.140099287
    115     0.360818237     0.179136246
    116    0.0201240573     0.159761295
    117    0.0193939637    0.0594879687
    118      0.20139125    0.0359637253
    119     0.361266226    0.0184590612
    120     0.234517694    0.0384963043
    121     0.284891188    0.0376140252
    122      0.36395967     0.117066927
    123     0.039591372    0.0784774125
    124     0.363850296     0.137412265
    125     0.363169402    0.0763404667
    126    0.0194199402    0.0396720544
    127     0.362847358    0.0566217937
    128     0.362484008     0.158271268
    129     0.363704443    0.0965623185
    130     0.305125624    0.0363001786
    131     0.261453003    0.0418961272
    132     0.146193758    0.0354290083
    133     0.106400564    0.0413251854
    134     0.324344158    0.0360275358
    135     0.343274057     0.036465954
    136     0.218840837    0.0293369256
    137     0.168491736    0.0387085229
    138     0.126660258    0.0372219905
    139    0.0830487013    0.0458626002
    140    0.0591869913    0.0404147506
    141    0.0435085893     0.100113824
    142     0.297718138     0.111002788
    143     0.329286128      0.15168266
    144     0.305503279     0.130367994
    145     0.279565424    0.0955294147
    146     0.263593912    0.0787239969
    147     0.362239748    0.0373693183
    148    0.0389278233    0.0395610742
    149     0.133229926    0.0543092601
    150    0.0574435554     0.110012718
    151     0.347635627     0.115413219
    152     0.146180406    0.0483503826
    153     0.114377543    0.0605451241
    154     0.308379084    0.0546809435
    155    0.0399969704     0.121662982
    156    0.0714939162    0.0588325635
    157    0.0617101826    0.0910678282
    158     0.215160474    0.0486706309
    159     0.222662821    0.0580461435
    160     0.159450382    0.0565640442
    161     0.187610269    0.0519961044
    162     0.252443016    0.0594444834
    163     0.273731887     0.059598092
    164     0.290123671    0.0561357625
    165     0.345679492    0.0749857724
    166     0.326465458    0.0547026321
    167     0.346824676    0.0951418877
    168     0.347607255     0.135277912
    169    0.0384122394    0.0585627705
    170      0.24906528    0.0766448081
    171    0.0610189661     0.159965023
    172     0.344931215     0.155972973
    173     0.344598502    0.0554577447
    174     0.333243757     0.132775292
    175     0.311410844    0.0742703155
    176     0.331800461      0.11435055
    177     0.294414699    0.0754440576
    178     0.202987269    0.0623130202
    179    0.0748781115     0.072043404
    180     0.278200209    0.0776859224
    181     0.217299253    0.0698487461
    182     0.176686406    0.0679902211
    183     0.144131243    0.0852446333
    184     0.108024962    0.0858068317
    185    0.0886995941    0.0836448148
    186     0.145516202     0.070657976
    187    0.0690288767     0.105427943
    188    0.0743793249     0.121485002
    189     0.330182642    0.0944328606
    190    0.0565396361    0.0576987639
    191    0.0576157793    0.0751667172
    192     0.263405085    0.0654411912
    193     0.102143005     0.110180154
    194    0.0885074735     0.116859145
    195    0.0789529905     0.139793187
    196     0.130939245    0.0919740722
    197     0.296817034     0.094297424
    198     0.314614952     0.115834601
    199     0.313561082    0.0945511907
    200    0.0596186407     0.141250759
    201    0.0955561996    0.0949122235
    202    0.0767758265    0.0863132328
    203    0.0822345316     0.100889549
    204    0.0403097458     0.159975991
    205      0.38032794     0.179783657
    206    0.0813924745     0.179222628
    207     0.210868552       0.0846662
    208     0.139784753     0.104596548
    209    0.0575629137     0.123761021
    210     0.315629989     0.142540872
    211     0.116241269     0.101316728
    212    0.0398289934     0.140963465
    213     0.233227596    0.0737381727
    214     0.296317697     0.122639231
    215     0.183442459    0.0297151282
    216     0.321877241     0.131006509
    217     0.123892754    0.0772352219
    218     0.236139208    0.0569916219
    219    0.0946428925    0.0692147762
    220     0.328381121    0.0743967071
