1, 237, 238,  20,  21
  2, 341, 232, 342, 629
  3, 135, 134,  23,  24
  4,  28,  29, 509, 133
  5, 206, 220, 115,  16
  6, 346, 135, 235, 352
  7, 174,  65,  66, 175
  8,  12, 124, 211, 230
  9, 123,  11, 221, 222
 10, 291, 251, 371, 369
 11, 207, 229,  13, 125
 12, 241, 105, 106, 141
 13, 252, 279, 392, 393
 14,  53, 163, 253,  52
 15, 355, 411, 249, 255
 16,  17, 233, 232,  18
 17, 343, 344, 238, 237
 18, 134, 239,  22,  23
 19, 149, 148,  30,  31
 20,  29,  30, 148, 509
 21, 143, 150,  32,  33
 22,  28, 133,  27,   2
 23,  24,  25, 235, 135
 24,  34,  35, 152, 151
 25, 231, 340, 339, 206
 26,  35,  36, 153, 152
 27, 151, 143,  33,  34
 28, 154, 153,  36,  37
 29, 155, 154,  37,  38
 30, 411, 355, 498, 277
 31, 159, 158,  42,  43
 32,  43,  44, 160, 159
 33, 411, 248, 161, 249
 34,  47, 161,  46,   3
 35, 156, 155,  38,  39
 36, 278, 252, 393, 501
 37, 162, 275, 260, 157
 38, 116, 115, 220, 219
 39, 165,  55,  56, 166
 40, 166,  56,  57, 167
 41,  54, 164, 163,  53
 42,  55, 165, 164,  54
 43,  58, 168, 167,  57
 44,  59, 169, 168,  58
 45, 333, 223, 225, 328
 46,  60, 170, 169,  59
 47,  62, 172, 171,  61
 48,  64, 144, 173,  63
 49, 224, 212, 120,   9
 50, 175,  66,  67, 176
 51,  65, 174, 144,  64
 52,  68, 177, 176,  67
 53, 218, 216, 122, 121
 54,  70, 145, 178,  69
 55, 180,  72,  73, 181
 56, 181,  73,  74, 182
 57, 216, 221,  11, 122
 58,  71, 179, 145,  70
 59,  72, 180, 179,  71
 60,  75, 183, 182,  74
 61,  92, 196, 186,  91
 62,  83, 190, 262,  82
 63,  90, 193, 188,  89
 64,  89, 188, 189,  88
 65, 191, 263, 250, 192
 66,  88, 189, 191,  87
 67,  87, 191, 192,  86
 68,  86, 192,  85,   4
 69, 263, 291, 369, 356
 70,  91, 186, 193,  90
 71, 325, 229, 207, 321
 72,  77, 185, 184,  76
 73,  93, 146, 196,  92
 74,  76, 184, 183,  75
 75, 198,  95,  96, 199
 76, 199,  96,  97, 200
 77, 126,  13, 229, 215
 78,  94, 197, 146,  93
 79,  95, 198, 197,  94
 80, 208, 315, 317, 227
 81, 110, 136, 140, 109
 82, 298, 299, 203, 147
 83, 102, 203, 202, 101
 84, 141, 106, 107, 242
 85, 104, 241, 147, 103
 86, 104,   5, 105, 241
 87, 108, 142, 242, 107
 88, 137, 138, 246, 243
 89, 204, 100, 101, 202
 90, 137, 111, 112, 138
 91, 214, 210,  15, 128
 92, 138, 112, 113, 139
 93, 111, 137, 136, 110
 94, 775, 114,   6, 130
 95, 132,  18, 234, 231
 96, 274, 306, 399, 400
 97, 219, 213,   7, 116
 98,   8, 117, 225, 223
 99, 213, 225, 117,   7
100, 432, 779, 334, 318
101, 304, 312, 175, 176
102, 212, 226,  10, 120
103, 332, 425, 426, 322
104, 365, 362, 284, 307
105, 286, 287, 380, 384
106, 450, 451, 559, 560
107, 264, 269, 200, 201
108, 128,  14, 227, 214
109,   1,  19, 774, 131
110, 231, 206,  16, 132
111, 236, 235,  25,  26
112,  26,  27, 133, 236
113, 233,  17, 131, 774
114, 256, 272, 414, 448
115,  98, 201, 200,  97
116, 320, 351, 217, 210
117, 139, 113, 114, 775
118, 316, 320, 210, 214
119, 130, 129, 217, 775
120, 129,  15, 210, 217
121, 203, 102, 103, 147
122, 109, 140, 142, 108
123, 348, 243, 246, 349
124, 562, 500, 506, 567
125, 334, 224, 228, 318
126, 353, 509, 148, 256
127,  31,  32, 150, 149
128, 314, 143, 151, 257
129, 271, 150, 143, 314
130, 265, 153, 154, 274
131,  39,  40, 157, 156
132,  40,  41, 162, 157
133, 461, 455, 395, 394
134, 397, 260, 275, 396
135,  41,  42, 158, 162
136, 416, 354, 253, 163
137,  52, 253, 254,  51
138, 160,  44,  45, 248
139, 259, 159, 160, 277
140,  46, 161, 248,  45
141,  48, 249, 161,  47
142, 249,  48,  49, 255
143, 252, 278, 164, 165
144, 166, 167, 311, 279
145, 213, 319, 328, 225
146, 170,  60,  61, 171
147, 261, 280, 169, 170
148, 171, 172, 266, 281
149, 209, 228, 119, 118
150, 172,  62,  63, 173
151,   9, 119, 228, 224
152, 212, 330, 324, 226
153, 360, 372, 270, 312
154, 121,  10, 226, 218
155, 177,  68,  69, 178
156, 178, 145, 284, 283
157, 283, 267, 177, 178
158, 488, 487, 544, 550
159, 182, 183, 313, 285
160, 185,  77,  78, 195
161, 323, 211, 222, 327
162, 195,  78,  79, 194
163, 185, 195, 287, 286
164,  80, 187, 194,  79
165, 195, 194, 294, 287
166, 288, 294, 194, 187
167, 197, 198, 303, 289
168, 247,  81,  82, 262
169, 187,  80,  81, 247
170, 193, 186, 292, 290
171,  85, 192, 250,  84
172, 190,  83,  84, 250
173, 251, 291, 189, 188
174, 293, 292, 186, 196
175, 383, 388, 295, 289
176, 286, 268, 184, 185
177, 294, 288, 382, 381
178, 215, 208, 127, 126
179, 199, 200, 269, 296
180, 201,  98,  99, 205
181, 208, 227,  14, 127
182, 205,  99, 100, 204
183, 320, 316, 418, 349
184, 243, 244, 136, 137
185, 499, 405, 410, 503
186, 147, 241, 141, 298
187, 299, 413, 410, 297
188, 140, 136, 244, 245
189, 348, 347, 244, 243
190, 125,  12, 230, 207
191, 118,   8, 223, 209
192, 124, 123, 222, 211
193, 285, 301, 181, 182
194, 300, 204, 202, 297
195, 139, 775, 217, 351
196, 267, 304, 176, 177
197, 220, 338, 335, 219
198, 455, 456, 396, 395
199, 180, 181, 301, 308
200, 168, 169, 280, 309
201, 270, 282, 144, 174
202, 311, 309, 390, 391
203, 324, 428, 425, 332
204, 404, 366, 303, 296
205, 227, 317, 337, 214
206, 434, 432, 318, 326
207, 375, 374, 281, 266
208, 268, 286, 384, 385
209, 296, 303, 198, 199
210, 268, 313, 183, 184
211, 234,  18, 232, 341
212, 510, 443, 442, 512
213, 341, 570, 776, 234
214, 238, 774,  19,  20
215, 236, 353, 352, 235
216, 352, 448, 441, 346
217,  21,  22, 239, 237
218, 233, 774, 238, 344
219, 240, 345, 239, 134
220, 344, 343, 443, 342
221, 240, 134, 135, 346
222, 142, 140, 245, 350
223, 300, 297, 410, 405
224, 202, 203, 299, 297
225, 298, 445, 413, 299
226, 255,  49,  50, 276
227,  51, 254, 276,  50
228, 371, 475, 477, 369
229, 188, 193, 290, 251
230, 165, 166, 279, 252
231, 163, 164, 278, 416
232, 159, 259, 258, 158
233, 277, 498, 394, 259
234, 256, 148, 149, 272
235, 149, 150, 271, 272
236, 257, 151, 152, 273
237, 273, 152, 153, 265
238, 158, 258, 275, 162
239, 355, 358, 463, 498
240, 398, 305, 260, 397
241, 157, 260, 305, 156
242, 170, 171, 281, 261
243, 263, 356, 190, 250
244, 291, 263, 191, 189
245, 201, 205, 302, 264
246, 274, 154, 155, 306
247, 219, 335, 319, 213
248, 172, 173, 310, 266
249, 174, 175, 312, 270
250, 414, 272, 271, 415
251, 271, 314, 412, 415
252, 306, 155, 156, 305
253, 220, 206, 339, 338
254, 395, 258, 259, 394
255, 354, 359, 254, 253
256, 248, 411, 277, 160
257, 279, 311, 391, 392
258, 374, 387, 261, 281
259, 436, 434, 326, 333
260, 372, 473, 472, 376
261, 173, 144, 282, 310
262, 145, 179, 307, 284
263, 216, 322, 331, 221
264, 211, 323, 329, 230
265, 289, 295, 146, 197
266, 187, 247, 357, 288
267, 371, 251, 290, 373
268, 558, 495, 496, 563
269, 378, 373, 290, 292
270, 196, 146, 295, 293
271, 470, 378, 386, 471
272, 384, 478, 474, 385
273, 405, 406, 302, 300
274, 296, 269, 409, 404
275, 245, 244, 347, 447
276, 350, 504, 413, 445
277, 565, 619, 518, 499
278, 205, 204, 300, 302
279, 308, 307, 179, 180
280, 325, 423, 777, 336
281, 304, 267, 363, 364
282, 226, 324, 332, 218
283, 438, 437, 328, 319
284, 368, 367, 308, 301
285, 488, 365, 367, 487
286, 280, 261, 387, 389
287, 167, 168, 309, 311
288, 545, 538, 473, 489
289, 379, 370, 285, 313
290, 323, 430, 433, 329
291, 401, 403, 452, 507
292, 444, 513, 512, 442
293, 315, 208, 215, 336
294, 336, 215, 229, 325
295, 388, 495, 471, 386
296, 318, 228, 209, 326
297, 209, 223, 333, 326
298, 321, 207, 230, 329
299, 322, 216, 218, 332
300, 327, 222, 221, 331
301, 367, 365, 307, 308
302, 330, 212, 224, 334
303, 366, 383, 289, 303
304, 533, 469, 483, 542
305, 362, 361, 283, 284
306, 467, 391, 468, 534
307, 466, 529, 530, 465
308, 370, 368, 301, 285
309, 282, 270, 372, 376
310, 431, 322, 426, 697
311, 431, 780, 331, 322
312, 361, 363, 267, 283
313, 309, 280, 389, 390
314, 533, 793, 585, 529
315, 472, 536, 539, 482
316, 399, 306, 305, 398
317, 315, 422, 421, 317
318, 781, 446, 348, 349
319, 316, 214, 337, 419
320, 456, 522, 520, 457
321, 231, 234, 776, 340
322, 400, 402, 265, 274
323, 401, 412, 314, 257
324, 342, 232, 233, 344
325, 237, 239, 345, 343
326, 343, 345, 442, 443
327, 562, 513, 511, 500
328, 347, 348, 446, 514
329, 349, 418, 515, 781
330, 242, 142, 350, 445
331, 246, 138, 139, 351
332, 236, 133, 509, 353
333, 448, 414, 511, 441
334, 463, 486, 610, 461
335, 255, 276, 358, 355
336, 357, 247, 262, 407
337, 262, 190, 356, 407
338, 359, 358, 276, 254
339, 460, 462, 354, 416
340, 312, 304, 364, 360
341, 361, 481, 480, 363
342, 473, 538, 536, 472
343, 550, 551, 491, 488
344, 327, 427, 430, 323
345, 493, 379, 385, 474
346, 313, 268, 385, 379
347, 595, 544, 548, 597
348, 476, 537, 556, 475
349, 376, 472, 482, 377
350, 292, 293, 386, 378
351, 266, 310, 377, 375
352, 429, 428, 324, 330
353, 310, 282, 376, 377
354, 381, 380, 287, 294
355, 424, 423, 325, 321
356, 357, 497, 382, 288
357, 373, 476, 475, 371
358, 378, 470, 476, 373
359, 388, 386, 293, 295
360, 502, 404, 409, 449
361, 380, 381, 485, 490
362, 548, 544, 487, 492
363, 389, 466, 465, 390
364, 583, 637, 541, 789
365, 495, 388, 383, 496
366, 437, 436, 333, 328
367, 319, 335, 439, 438
368, 468, 391, 390, 465
369, 439, 335, 417, 626
370, 396, 275, 258, 395
371, 416, 278, 501, 460
372, 397, 396, 456, 457
373, 454, 453, 402, 400
374, 338, 440, 417, 335
375, 273, 265, 402, 403
376, 257, 273, 403, 401
377, 402, 453, 452, 403
378, 517, 453, 454, 519
379, 412, 401, 507, 506
380, 406, 408, 264, 302
381, 408, 450, 449, 409
382, 419, 337, 420, 678
383, 269, 264, 408, 409
384, 356, 369, 477, 407
385, 317, 421, 420, 337
386, 560, 559, 614, 615
387, 514, 620, 447, 347
388, 414, 415, 500, 511
389, 445, 298, 141, 242
390, 447, 504, 350, 245
391, 448, 352, 353, 256
392, 512, 571, 572, 510
393, 339, 778, 440, 338
394, 418, 316, 419, 628
395, 406, 451, 450, 408
396, 612, 518, 619, 681
397, 422, 315, 336, 777
398, 756, 777, 423, 770
399, 505, 366, 404, 502
400, 540, 546, 478, 490
401, 435, 321, 329, 433
402, 541, 602, 540, 789
403, 363, 480, 479, 364
404, 327, 331, 780, 427
405, 429, 330, 334, 779
406, 589, 590, 536, 538
407, 377, 482, 484, 375
408, 494, 370, 379, 493
409, 479, 547, 545, 489
410, 491, 362, 365, 488
411, 387, 469, 466, 389
412, 368, 492, 487, 367
413, 469, 387, 374, 483
414, 424, 321, 435, 759
415, 530, 606, 586, 531
416, 575, 580, 631, 668
417, 519, 454, 458, 525
418, 682, 705, 668, 631
419, 339, 340, 508, 778
420, 566, 568, 507, 452
421, 342, 443, 510, 629
422, 240, 444, 442, 345
423, 444, 240, 346, 441
424, 405, 499, 451, 406
425, 446, 781, 515, 573
426, 320, 349, 246, 351
427, 678, 735, 628, 419
428, 499, 503, 620, 565
429, 399, 458, 454, 400
430, 459, 398, 397, 457
431, 516, 453, 517, 575
432, 455, 523, 522, 456
433, 520, 578, 576, 521
434, 459, 458, 399, 398
435, 632, 579, 603, 582
436, 501, 393, 557, 524
437, 463, 461, 394, 498
438, 462, 486, 359, 354
439, 522, 579, 578, 520
440, 486, 463, 358, 359
441, 393, 392, 464, 557
442, 392, 391, 467, 464
443, 483, 374, 375, 484
444, 692, 644, 689, 719
445, 531, 607, 534, 468
446, 606, 585, 640, 586
447, 465, 530, 531, 468
448, 639, 584, 641, 688
449, 469, 533, 529, 466
450, 496, 383, 366, 505
451, 604, 605, 555, 553
452, 473, 372, 360, 489
453, 489, 360, 364, 479
454, 690, 757, 429, 779
455, 478, 384, 380, 490
456, 613, 552, 558, 616
457, 407, 477, 497, 357
458, 485, 381, 382, 526
459, 481, 361, 362, 491
460, 594, 591, 545, 547
461, 543, 484, 482, 539
462, 526, 382, 497, 556
463, 535, 470, 471, 552
464, 486, 462, 527, 610
465, 492, 368, 370, 494
466, 492, 494, 554, 548
467, 474, 478, 546, 553
468, 493, 474, 553, 555
469, 554, 555, 605, 601
470, 552, 613, 592, 535
471, 415, 412, 506, 500
472, 449, 450, 560, 790
473, 502, 449, 790, 561
474, 503, 410, 413, 504
475, 504, 447, 620, 503
476, 495, 558, 552, 471
477, 629, 510, 572, 680
478, 516, 566, 452, 453
479, 562, 567, 622, 571
480, 513, 444, 441, 511
481, 513, 562, 571, 512
482, 665, 612, 681, 711
483, 515, 418, 628, 574
484, 617, 516, 575, 668
485, 525, 458, 459, 521
486, 627, 440, 569, 675
487, 518, 559, 451, 499
488, 457, 520, 521, 459
489, 627, 773, 417, 440
490, 684, 772, 715, 685
491, 523, 455, 461, 610
492, 523, 603, 579, 522
493, 610, 527, 603, 523
494, 524, 532, 460, 501
495, 611, 636, 638, 581
496, 470, 535, 537, 476
497, 532, 527, 462, 460
498, 692, 702, 645, 586
499, 464, 467, 528, 611
500, 639, 585, 793, 584
501, 524, 557, 581, 638
502, 542, 483, 484, 543
503, 639, 686, 640, 585
504, 644, 692, 586, 640
505, 528, 467, 534, 609
506, 789, 540, 490, 485
507, 590, 647, 642, 593
508, 608, 583, 526, 556
509, 591, 792, 538, 545
510, 643, 642, 690, 691
511, 646, 650, 602, 541
512, 485, 526, 583, 789
513, 588, 662, 660, 608
514, 651, 596, 595, 800
515, 589, 648, 647, 590
516, 494, 493, 555, 554
517, 594, 653, 754, 649
518, 597, 601, 808, 810
519, 481, 491, 551, 549
520, 594, 547, 598, 653
521, 550, 544, 595, 596
522, 598, 549, 599, 654
523, 563, 496, 505, 564
524, 535, 592, 588, 537
525, 602, 600, 546, 540
526, 656, 808, 601, 605
527, 600, 604, 553, 546
528, 556, 497, 477, 475
529, 502, 561, 564, 505
530, 592, 664, 662, 588
531, 612, 614, 559, 518
532, 665, 667, 614, 612
533, 567, 506, 507, 568
534, 666, 707, 798, 664
535, 615, 561, 790, 560
536, 561, 811, 618, 564
537, 573, 619, 514, 446
538, 570, 680, 625, 508
539, 617, 624, 566, 516
540, 622, 672, 572, 571
541, 569, 440, 778, 508
542, 570, 508, 340, 776
543, 680, 572, 672, 625
544, 573, 630, 681, 619
545, 575, 517, 519, 580
546, 519, 525, 577, 580
547, 521, 576, 577, 525
548, 635, 631, 580, 577
549, 607, 645, 702, 661
550, 524, 638, 582, 532
551, 557, 464, 611, 581
552, 632, 687, 684, 634
553, 686, 639, 688, 782
554, 584, 793, 533, 542
555, 640, 686, 689, 644
556, 587, 646, 541, 637
557, 537, 588, 608, 556
558, 647, 648, 694, 757
559, 536, 590, 593, 539
560, 616, 558, 563, 621
561, 677, 660, 662, 704
562, 539, 593, 801, 543
563, 786, 761, 694, 648
564, 783, 722, 427, 780
565, 653, 598, 654, 697
566, 551, 550, 596, 795
567, 548, 554, 601, 597
568, 700, 695, 651, 657
569, 697, 426, 754, 653
570, 652, 596, 651, 695
571, 654, 599, 652, 696
572, 698, 650, 646, 693
573, 800, 659, 657, 651
574, 587, 637, 660, 677
575, 527, 532, 582, 603
576, 600, 602, 650, 805
577, 605, 604, 806, 658
578, 805, 806, 604, 600
579, 530, 529, 585, 606
580, 755, 439, 626, 763
581, 609, 534, 607, 661
582, 638, 687, 632, 582
583, 637, 583, 608, 660
584, 663, 528, 609, 703
585, 706, 665, 711, 736
586, 621, 563, 564, 618
587, 706, 708, 667, 665
588, 613, 666, 664, 592
589, 623, 622, 567, 568
590, 615, 614, 667, 669
591, 811, 669, 710, 671
592, 619, 565, 620, 514
593, 798, 730, 807, 704
594, 568, 566, 624, 623
595, 624, 673, 674, 623
596, 617, 668, 673, 624
597, 679, 675, 569, 676
598, 569, 508, 625, 676
599, 682, 714, 728, 705
600, 736, 713, 733, 706
601, 570, 341, 629, 680
602, 574, 628, 735, 630
603, 627, 675, 728, 773
604, 576, 578, 634, 633
605, 578, 579, 632, 634
606, 684, 687, 803, 772
607, 577, 576, 633, 635
608, 803, 687, 638, 636
609, 663, 636, 611, 528
610, 717, 689, 686, 782
611, 719, 689, 717, 739
612, 801, 593, 642, 643
613, 434, 717, 782, 432
614, 641, 584, 801, 643
615, 692, 719, 721, 702
616, 716, 737, 747, 714
617, 607, 531, 586, 645
618, 729, 738, 693, 712
619, 589, 538, 792, 794
620, 594, 649, 792, 591
621, 754, 426, 425, 761
622, 698, 796, 725, 655
623, 806, 805, 655, 658
624, 597, 810, 800, 595
625, 695, 783, 696, 652
626, 652, 599, 795, 596
627, 697, 654, 696, 431
628, 605, 658, 699, 656
629, 720, 788, 699, 658
630, 701, 700, 657, 659
631, 656, 699, 724, 797
632, 810, 797, 659, 800
633, 682, 683, 716, 714
634, 704, 662, 664, 798
635, 703, 609, 661, 727
636, 666, 613, 616, 670
637, 670, 616, 621, 671
638, 709, 670, 671, 710
639, 673, 679, 676, 674
640, 671, 621, 618, 811
641, 708, 710, 669, 667
642, 765, 758, 771, 746
643, 672, 622, 623, 674
644, 672, 674, 676, 625
645, 712, 587, 677, 729
646, 713, 420, 421, 753
647, 679, 673, 668, 705
648, 711, 681, 630, 735
649, 747, 773, 728, 714
650, 635, 633, 685, 683
651, 737, 716, 715, 741
652, 633, 634, 684, 685
653, 703, 718, 802, 663
654, 434, 436, 739, 717
655, 691, 688, 641, 643
656, 757, 690, 642, 647
657, 691, 690, 779, 432
658, 688, 691, 432, 782
659, 719, 739, 740, 721
660, 725, 785, 745, 720
661, 425, 428, 694, 761
662, 757, 694, 428, 429
663, 696, 783, 780, 431
664, 787, 788, 742, 744
665, 650, 698, 655, 805
666, 658, 655, 725, 720
667, 726, 701, 724, 743
668, 700, 701, 726, 722
669, 787, 724, 699, 788
670, 722, 726, 430, 427
671, 718, 741, 715, 772
672, 727, 661, 702, 748
673, 707, 666, 670, 709
674, 675, 679, 705, 728
675, 752, 751, 791, 732
676, 804, 731, 769, 749
677, 771, 758, 424, 759
678, 733, 734, 708, 706
679, 735, 678, 736, 711
680, 712, 693, 646, 587
681, 678, 420, 713, 736
682, 767, 751, 760, 756
683, 716, 683, 685, 715
684, 803, 802, 718, 772
685, 718, 703, 727, 741
686, 768, 766, 762, 755
687, 724, 787, 744, 743
688, 763, 626, 747, 737
689, 695, 700, 722, 783
690, 796, 723, 785, 725
691, 723, 749, 746, 785
692, 724, 701, 659, 797
693, 745, 742, 788, 720
694, 430, 726, 743, 433
695, 748, 702, 721, 766
696, 798, 707, 804, 730
697, 707, 709, 731, 804
698, 804, 749, 723, 730
699, 753, 752, 733, 713
700, 791, 751, 750, 799
701, 708, 734, 732, 809
702, 723, 796, 738, 730
703, 807, 729, 677, 704
704, 739, 436, 437, 740
705, 437, 438, 762, 740
706, 766, 721, 740, 762
707, 741, 727, 748, 764
708, 763, 764, 768, 755
709, 742, 745, 771, 759
710, 435, 433, 743, 744
711, 744, 742, 759, 435
712, 785, 746, 771, 745
713, 769, 731, 799, 750
714, 752, 732, 734, 733
715, 767, 756, 770, 784
716, 760, 751, 752, 753
717, 756, 760, 422, 777
718, 753, 421, 422, 760
719, 438, 439, 755, 762
720, 758, 770, 423, 424
721, 649, 754, 761, 786
722, 737, 741, 764, 763
723, 764, 748, 766, 768
724, 769, 765, 746, 749
725, 765, 784, 770, 758
726, 750, 751, 767, 784
727, 765, 769, 750, 784
728, 773, 747, 626, 417
729, 630, 573, 515, 574
730, 794, 786, 648, 589
731, 547, 479, 480, 598
732, 480, 481, 549, 598
733, 649, 786, 794, 792
734, 796, 698, 693, 738
735, 542, 543, 801, 584
736, 795, 599, 549, 551
737, 709, 809, 799, 731
738, 791, 799, 809, 732
739, 708, 809, 709, 710
740, 803, 636, 663, 802
741, 807, 730, 738, 729
742, 797, 810, 808, 656
743, 683, 682, 631, 635
744, 811, 561, 615, 669
